longitude,latitude,sampling date,site,species,height (m),Specific leaf area (cm^2 g^-1),Leaf area to sapwood area ratio (cm^2 cm^-2),MOE (MPa),wood density (g cm^-1),pith area (micron^2),vessel area (micron^2),hydraulically weighted vessel diameter (micron),vessel number per area (mm^-2),vessel lumen fraction,vessel wall fraction,axial parenchyma fraction,ray fraction,axial+ray parenchyma fraction,fibre fraction,fibre wall fraction,fibre lumen fraction,fibre wall area (micron^2),fibre lumen area (micron^2),fibre area (micron^2),fibre wall area to fibre lumen ratio (averaged across multiple fibres measured),fibre wall to fibre area ratio (averaged across multiple fibres measured),fibre lumen to fibre area ratio (averaged across multiple fibres measured),tracheid fraction,conduits15 fraction,mucilage canals fraction,references
145.490,-18.162,2012 Oct,Blencoe Falls,Corymbia citriodora,8.2,91.9347181,10115.0656,6740.82407,0.64239,87179.20,2073.9585,66.11977259,91.7402542,0.19026548,0.044247789,0.048672566,0.1238938,0.172566366,0.566371667,0.48230087,0.084070797,NA,NA,NA,NA,NA,NA,NA,0.026548672,0,"Ziemi?ska K, Westoby M, Wright IJ. 2015. Broad Anatomical Variation within a Narrow Wood Density Range—A Study of Twig Wood across 69 Australian Angiosperms. PLoS ONE 10: e0124892"
145.490,-18.162,2012 Oct,Blencoe Falls,Corymbia citriodora,9,86.15639498,11645.8557,6689.92072,0.65594,98960.17,1722.4948,68.35788787,85.23996705,0.1468254,0.027777777,0.063492064,0.079365077,0.142857141,0.682539686,0.59126984,0.091269846,NA,NA,NA,NA,NA,NA,NA,0,0,"Ziemi?ska K, Westoby M, Wright IJ. 2015. Broad Anatomical Variation within a Narrow Wood Density Range—A Study of Twig Wood across 69 Australian Angiosperms. PLoS ONE 10: e0124892"
145.490,-18.162,2012 Oct,Blencoe Falls,Corymbia citriodora,5.4,88.03486458,10729.21694,6096.50747,0.57043,211350.65,1462.539189,63.29048413,86.71854351,0.126829268,0.043902439,0.107317073,0.12195122,0.229268293,0.595121951,0.497560976,0.097560976,NA,NA,NA,NA,NA,NA,NA,0.004878049,0,"Ziemi?ska K, Westoby M, Wright IJ. 2015. Broad Anatomical Variation within a Narrow Wood Density Range—A Study of Twig Wood across 69 Australian Angiosperms. PLoS ONE 10: e0124892"
145.490,-18.162,2012 Oct,Blencoe Falls,Corymbia clarksoniana,3.9,63.75401371,13226.71014,6907.35995,0.58919,615752.16,1214.161749,61.93415125,156.5805121,0.190114068,0.057034221,0.038022814,0.053231939,0.091254753,0.631178707,0.501901141,0.129277567,NA,NA,NA,NA,NA,NA,NA,0.030418251,0,"Ziemi?ska K, Westoby M, Wright IJ. 2015. Broad Anatomical Variation within a Narrow Wood Density Range—A Study of Twig Wood across 69 Australian Angiosperms. PLoS ONE 10: e0124892"
145.490,-18.162,2012 Oct,Blencoe Falls,Corymbia clarksoniana,6.7,72.18918097,6547.497244,4728.88944,0.51961,546637.12,1894.671117,71.03072556,91.13025945,0.172661871,0.032374101,0.050359712,0.061151079,0.111510791,0.658273381,0.503597122,0.154676259,NA,NA,NA,NA,NA,NA,NA,0.025179856,0,"Ziemi?ska K, Westoby M, Wright IJ. 2015. Broad Anatomical Variation within a Narrow Wood Density Range—A Study of Twig Wood across 69 Australian Angiosperms. PLoS ONE 10: e0124892"
145.490,-18.162,2012 Oct,Blencoe Falls,Corymbia clarksoniana,2.6,66.63834706,7215.042894,2385.424,0.53835,198155.96,1335.4023,69.86857943,184.4963274,0.24637682,0.028985507,0.091787443,0.067632852,0.159420295,0.50241547,0.32850243,0.17391304,NA,NA,NA,NA,NA,NA,NA,0.062801933,0,"Ziemi?ska K, Westoby M, Wright IJ. 2015. Broad Anatomical Variation within a Narrow Wood Density Range—A Study of Twig Wood across 69 Australian Angiosperms. PLoS ONE 10: e0124892"
145.490,-18.162,2012 Oct,Blencoe Falls,Eucalyptus sp.,4.5,61.39710195,7404.846271,6869.53692,0.45878,579859.46,2500.689,74.53512102,70.86654518,0.17721519,0.025316455,0.14767933,0.071729956,0.219409286,0.53586498,0.32911392,0.20675106,NA,NA,NA,NA,NA,NA,NA,0.042194095,0,"Ziemi?ska K, Westoby M, Wright IJ. 2015. Broad Anatomical Variation within a Narrow Wood Density Range—A Study of Twig Wood across 69 Australian Angiosperms. PLoS ONE 10: e0124892"
145.490,-18.162,2012 Oct,Blencoe Falls,Eucalyptus sp.,2.4,55.79938565,6704.96036,4578.82696,0.49511,908234.44,1749.5367,66.73797203,101.3255224,0.17727272,0.018181819,0.077272725,0.11363636,0.190909085,0.51363636,0.3,0.21363636,NA,NA,NA,NA,NA,NA,NA,0.1,0,"Ziemi?ska K, Westoby M, Wright IJ. 2015. Broad Anatomical Variation within a Narrow Wood Density Range—A Study of Twig Wood across 69 Australian Angiosperms. PLoS ONE 10: e0124892"
145.490,-18.162,2012 Oct,Blencoe Falls,Eucalyptus sp.,3.4,67.92318473,9235.075398,7975.22091,0.56053,296880.51,2042.671468,61.46395383,90.50596363,0.18487395,0.025210084,0.113445378,0.084033613,0.197478992,0.56302521,0.369747899,0.193277311,NA,NA,NA,NA,NA,NA,NA,0.029411765,0,"Ziemi?ska K, Westoby M, Wright IJ. 2015. Broad Anatomical Variation within a Narrow Wood Density Range—A Study of Twig Wood across 69 Australian Angiosperms. PLoS ONE 10: e0124892"
145.490,-18.162,2012 Oct,Blencoe Falls,Grevillea glauca,3.6,65.46500551,5369.006363,3017.23853,0.60608,731362.77,1257.424566,56.89064594,103.8342989,0.130563798,0.038575668,0.130563798,0.308605341,0.439169139,0.391691395,0.34421365,0.047477745,NA,NA,NA,NA,NA,NA,NA,0,0,"Ziemi?ska K, Westoby M, Wright IJ. 2015. Broad Anatomical Variation within a Narrow Wood Density Range—A Study of Twig Wood across 69 Australian Angiosperms. PLoS ONE 10: e0124892"
145.490,-18.162,2012 Oct,Blencoe Falls,Grevillea parallela,5.3,48.10736636,5232.516863,3363.04279,0.62340,0.00,1838.685457,70.51139691,65.26401757,0.12,0.036363636,0.210909091,0.272727273,0.483636364,0.352727273,0.316363636,0.036363636,NA,NA,NA,NA,NA,NA,NA,0.007272727,0,"Ziemi?ska K, Westoby M, Wright IJ. 2015. Broad Anatomical Variation within a Narrow Wood Density Range—A Study of Twig Wood across 69 Australian Angiosperms. PLoS ONE 10: e0124892"
145.490,-18.162,2012 Oct,Blencoe Falls,Grevillea parallela,5.8,50.96622365,5594.419074,2348.43825,0.55149,0.00,1819.105266,70.48218616,72.00815574,0.130990415,0.022364217,0.252396166,0.303514377,0.555910543,0.287539936,0.265175719,0.022364217,NA,NA,NA,NA,NA,NA,NA,0.003194888,0,"Ziemi?ska K, Westoby M, Wright IJ. 2015. Broad Anatomical Variation within a Narrow Wood Density Range—A Study of Twig Wood across 69 Australian Angiosperms. PLoS ONE 10: e0124892"
145.490,-18.162,2012 Oct,Blencoe Falls,Grevillea parallela,4.4,NA,NA,4428.97921,0.61595,0.00,1048.271064,61.64229289,147.6353875,0.154761905,0.056547619,0.31547619,0.196428571,0.511904762,0.270833333,0.258928571,0.011904762,NA,NA,NA,NA,NA,NA,NA,0.005952381,0,"Ziemi?ska K, Westoby M, Wright IJ. 2015. Broad Anatomical Variation within a Narrow Wood Density Range—A Study of Twig Wood across 69 Australian Angiosperms. PLoS ONE 10: e0124892"
145.490,-18.162,2012 Oct,Blencoe Falls,Lophostemon suaveolens,1.9,59.81506549,2558.738272,3230.51643,0.50654,1768559.58,1277.551017,57.90190588,153.6901692,0.196347032,0.04109589,0.118721461,0.173515982,0.292237443,0.406392694,0.301369863,0.105022831,NA,NA,NA,NA,NA,NA,NA,0.063926941,0,"Ziemi?ska K, Westoby M, Wright IJ. 2015. Broad Anatomical Variation within a Narrow Wood Density Range—A Study of Twig Wood across 69 Australian Angiosperms. PLoS ONE 10: e0124892"
145.490,-18.162,2012 Oct,Blencoe Falls,Lophostemon suaveolens,2.4,59.47840172,5074.318192,3621.57316,0.54160,3015928.95,1130.3944,48.61788595,142.1754036,0.16071428,0.035714285,0.20089285,0.25,0.45089285,0.281250001,0.20982143,0.071428571,NA,NA,NA,NA,NA,NA,NA,0.071428571,0,"Ziemi?ska K, Westoby M, Wright IJ. 2015. Broad Anatomical Variation within a Narrow Wood Density Range—A Study of Twig Wood across 69 Australian Angiosperms. PLoS ONE 10: e0124892"
145.490,-18.162,2012 Oct,Blencoe Falls,Lophostemon suaveolens,2.4,48.51317881,3466.862674,3244.86888,0.52717,738902.59,1260.410036,53.68506961,143.3440418,0.180672269,0.06302521,0.172268908,0.231092437,0.403361345,0.302521008,0.210084034,0.092436975,NA,NA,NA,NA,NA,NA,NA,0.050420168,0,"Ziemi?ska K, Westoby M, Wright IJ. 2015. Broad Anatomical Variation within a Narrow Wood Density Range—A Study of Twig Wood across 69 Australian Angiosperms. PLoS ONE 10: e0124892"
145.490,-18.162,2012 Oct,Blencoe Falls,Melaleuca nervosa,2.6,62.40908779,5203.78307,1991.1583,0.56908,464405.93,1415.398036,59.48855808,97.45035035,0.137931034,0.022988506,0.22605364,0.176245211,0.402298851,0.38697318,0.287356322,0.099616858,NA,NA,NA,NA,NA,NA,NA,0.049808429,0,"Ziemi?ska K, Westoby M, Wright IJ. 2015. Broad Anatomical Variation within a Narrow Wood Density Range—A Study of Twig Wood across 69 Australian Angiosperms. PLoS ONE 10: e0124892"
145.490,-18.162,2012 Oct,Blencoe Falls,Melaleuca nervosa,3.9,53.18523746,3831.402851,1953.99661,0.61728,418617.22,1496.197255,59.26233514,114.1104268,0.170731707,0.034146341,0.209756098,0.16097561,0.370731707,0.390243902,0.302439024,0.087804878,NA,NA,NA,NA,NA,NA,NA,0.034146341,0,"Ziemi?ska K, Westoby M, Wright IJ. 2015. Broad Anatomical Variation within a Narrow Wood Density Range—A Study of Twig Wood across 69 Australian Angiosperms. PLoS ONE 10: e0124892"
145.490,-18.162,2012 Oct,Blencoe Falls,Melaleuca nervosa,4,83.3223053,7163.885857,2279.04872,0.50855,1178568.48,1664.521115,62.62386987,98.82852371,0.164502165,0.086580087,0.155844156,0.12987013,0.285714286,0.333333333,0.281385281,0.051948052,NA,NA,NA,NA,NA,NA,NA,0.12987013,0,"Ziemi?ska K, Westoby M, Wright IJ. 2015. Broad Anatomical Variation within a Narrow Wood Density Range—A Study of Twig Wood across 69 Australian Angiosperms. PLoS ONE 10: e0124892"
145.490,-18.162,2012 Oct,Blencoe Falls,Melaleuca viridiflora,2.85,39.78482163,4164.800144,1746.21548,0.56039,1418429.08,1320.465169,54.73811338,111.7340972,0.147540984,0.028688525,0.106557377,0.18442623,0.290983607,0.459016393,0.405737705,0.053278689,NA,NA,NA,NA,NA,NA,NA,0.073770492,0,"Ziemi?ska K, Westoby M, Wright IJ. 2015. Broad Anatomical Variation within a Narrow Wood Density Range—A Study of Twig Wood across 69 Australian Angiosperms. PLoS ONE 10: e0124892"
145.490,-18.162,2012 Oct,Blencoe Falls,Melaleuca viridiflora,2.9,50.62315722,7478.630506,1323.72517,0.54123,1915271.96,1289.8562,55.0121689,166.9834358,0.21538462,0.082051287,0.076923075,0.16410257,0.241025645,0.394871802,0.30256411,0.092307692,NA,NA,NA,NA,NA,NA,NA,0.066666665,0,"Ziemi?ska K, Westoby M, Wright IJ. 2015. Broad Anatomical Variation within a Narrow Wood Density Range—A Study of Twig Wood across 69 Australian Angiosperms. PLoS ONE 10: e0124892"
145.490,-18.162,2012 Oct,Blencoe Falls,Melaleuca viridiflora,3.3,35.21910844,3183.368108,1595.88075,0.57012,3257203.26,1183.418288,54.36026264,119.6473992,0.14159292,0.03539823,0.079646018,0.14159292,0.221238938,0.526548673,0.42920354,0.097345133,NA,NA,NA,NA,NA,NA,NA,0.075221239,0,"Ziemi?ska K, Westoby M, Wright IJ. 2015. Broad Anatomical Variation within a Narrow Wood Density Range—A Study of Twig Wood across 69 Australian Angiosperms. PLoS ONE 10: e0124892"
145.490,-18.162,2012 Oct,Blencoe Falls,Persoonia falcata,4.3,96.31273408,3738.220023,6486.38592,0.57683,1998052.93,1328.188903,58.85633504,127.4146839,0.169230769,0.057692308,0.138461538,0.061538462,0.2,0.523076923,0.415384615,0.107692308,NA,NA,NA,NA,NA,NA,NA,0.05,0,"Ziemi?ska K, Westoby M, Wright IJ. 2015. Broad Anatomical Variation within a Narrow Wood Density Range—A Study of Twig Wood across 69 Australian Angiosperms. PLoS ONE 10: e0124892"
145.490,-18.162,2012 Oct,Blencoe Falls,Persoonia falcata,3.7,74.94823561,6136.72828,3928.90024,0.60087,2132827.25,832.9026504,44.2002525,124.0310438,0.103305785,0.049586777,0.107438017,0.061983471,0.169421488,0.640495868,0.533057851,0.107438017,NA,NA,NA,NA,NA,NA,NA,0.037190083,0,"Ziemi?ska K, Westoby M, Wright IJ. 2015. Broad Anatomical Variation within a Narrow Wood Density Range—A Study of Twig Wood across 69 Australian Angiosperms. PLoS ONE 10: e0124892"
145.490,-18.162,2012 Oct,Blencoe Falls,Persoonia falcata,4,101.7873189,2403.924483,3957.2386,0.55903,1666300.74,1021.630287,58.07918016,154.0287206,0.157360406,0.096446701,0.14213198,0.091370558,0.233502538,0.426395939,0.304568528,0.121827411,NA,NA,NA,NA,NA,NA,NA,0.086294416,0,"Ziemi?ska K, Westoby M, Wright IJ. 2015. Broad Anatomical Variation within a Narrow Wood Density Range—A Study of Twig Wood across 69 Australian Angiosperms. PLoS ONE 10: e0124892"
145.490,-18.162,2012 Oct,Blencoe Falls,Pimelea linifolia,0.6,139.8393179,2199.494798,NA,0.47760,120637.16,438.7220763,28.5811016,195.6156304,0.085820896,0.037313433,0.03358209,0.123134328,0.156716418,0.686567164,0.343283582,0.343283582,NA,NA,NA,NA,NA,NA,NA,0.03358209,0,"Ziemi?ska K, Westoby M, Wright IJ. 2015. Broad Anatomical Variation within a Narrow Wood Density Range—A Study of Twig Wood across 69 Australian Angiosperms. PLoS ONE 10: e0124892"
145.490,-18.162,2012 Oct,Blencoe Falls,Pimelea linifolia,0.8,105.2293392,1211.439882,3511.39686,0.38055,47123.89,417.87497,26.99236041,242.4686504,0.10132158,0.088105726,0.044052863,0.03524229,0.079295153,0.68722468,0.38325993,0.30396475,NA,NA,NA,NA,NA,NA,NA,0.044052863,0,"Ziemi?ska K, Westoby M, Wright IJ. 2015. Broad Anatomical Variation within a Narrow Wood Density Range—A Study of Twig Wood across 69 Australian Angiosperms. PLoS ONE 10: e0124892"
145.490,-18.162,2012 Oct,Blencoe Falls,Pimelea linifolia,0.7,96.54667544,2355.278298,NA,0.46781,1926189.00,482.5002407,31.22705999,388.0496356,0.187234043,0.055319149,0.055319149,0.059574468,0.114893617,0.565957447,0.246808511,0.319148936,NA,NA,NA,NA,NA,NA,NA,0.076595745,0,"Ziemi?ska K, Westoby M, Wright IJ. 2015. Broad Anatomical Variation within a Narrow Wood Density Range—A Study of Twig Wood across 69 Australian Angiosperms. PLoS ONE 10: e0124892"
145.490,-18.162,2012 Oct,Blencoe Falls,Xylomelum scottianum,4,NA,NA,1271.64771,0.66585,251013.25,1471.20784,55.48010967,50.08416114,0.073684211,0.010526316,0.319298246,0.252631579,0.571929825,0.340350877,0.329824561,0.010526316,NA,NA,NA,NA,NA,NA,NA,0.003508772,0,"Ziemi?ska K, Westoby M, Wright IJ. 2015. Broad Anatomical Variation within a Narrow Wood Density Range—A Study of Twig Wood across 69 Australian Angiosperms. PLoS ONE 10: e0124892"
145.490,-18.162,2012 Oct,Blencoe Falls,Xylomelum scottianum,4.2,55.75696594,4652.451814,1473.17112,0.59137,229022.10,1704.855707,64.18331499,77.17893474,0.131578947,0.007518797,0.251879699,0.330827068,0.582706767,0.27443609,0.251879699,0.022556391,NA,NA,NA,NA,NA,NA,NA,0.003759398,0,"Ziemi?ska K, Westoby M, Wright IJ. 2015. Broad Anatomical Variation within a Narrow Wood Density Range—A Study of Twig Wood across 69 Australian Angiosperms. PLoS ONE 10: e0124892"
145.490,-18.162,2012 Oct,Blencoe Falls,Xylomelum scottianum,3.2,60.10830061,3950.027345,2459.24458,0.58801,612767.65,2560.839712,74.38650081,60.80401747,0.155709343,0.031141869,0.190311419,0.256055363,0.446366782,0.366782007,0.339100346,0.027681661,NA,NA,NA,NA,NA,NA,NA,0,0,"Ziemi?ska K, Westoby M, Wright IJ. 2015. Broad Anatomical Variation within a Narrow Wood Density Range—A Study of Twig Wood across 69 Australian Angiosperms. PLoS ONE 10: e0124892"
145.449,-16.104,2012 May,Cape Tribulation,Antirhea tenuiflora,14.4,145.2687205,9698.820394,7594.21624,0.58066,2017530.80,683.9684727,35.34293618,257.2532013,0.175953079,0.090909091,0.158357771,0.237536657,0.395894428,0.337243402,0.299120235,0.038123167,NA,NA,NA,NA,NA,NA,NA,0,0,"Ziemi?ska K, Westoby M, Wright IJ. 2015. Broad Anatomical Variation within a Narrow Wood Density Range—A Study of Twig Wood across 69 Australian Angiosperms. PLoS ONE 10: e0124892"
145.449,-16.104,2012 May,Cape Tribulation,Antirhea tenuiflora,13.5,114.0351856,7292.860898,7902.23587,0.53679,2516415.72,685.1172076,33.65564605,243.9565207,0.16713881,0.04815864,0.110481586,0.320113314,0.430594901,0.354107649,0.331444759,0.02266289,NA,NA,NA,NA,NA,NA,NA,0,0,"Ziemi?ska K, Westoby M, Wright IJ. 2015. Broad Anatomical Variation within a Narrow Wood Density Range—A Study of Twig Wood across 69 Australian Angiosperms. PLoS ONE 10: e0124892"
145.449,-16.104,2012 May,Cape Tribulation,Antirhea tenuiflora,10.7,174.5692607,4991.773902,7080.94983,0.60373,1334234.40,611.8900635,34.20139041,332.9089911,0.203703704,0.08994709,0.12962963,0.28042328,0.41005291,0.296296296,0.277777778,0.018518519,NA,NA,NA,NA,NA,NA,NA,0,0,"Ziemi?ska K, Westoby M, Wright IJ. 2015. Broad Anatomical Variation within a Narrow Wood Density Range—A Study of Twig Wood across 69 Australian Angiosperms. PLoS ONE 10: e0124892"
145.449,-16.104,2012 May,Cape Tribulation,Argyrodendron peralatum,35.4,61.67370214,10338.10151,2859.34983,0.57630,1708241.01,2122.1738,69.0507326,62.68455487,0.13302752,0.050458717,0.3348624,0.2385321,0.5733945,0.243119269,0.22018349,0.022935779,NA,NA,NA,NA,NA,NA,NA,0,0,"Ziemi?ska K, Westoby M, Wright IJ. 2015. Broad Anatomical Variation within a Narrow Wood Density Range—A Study of Twig Wood across 69 Australian Angiosperms. PLoS ONE 10: e0124892"
145.449,-16.104,2012 May,Cape Tribulation,Argyrodendron peralatum,34.9,58.27702703,14854.00288,1872.21486,0.58220,2813924.54,1514.967308,64.98111721,120.3101935,0.18226601,0.049261084,0.33990147,0.2315271,0.57142857,0.197044334,0.1773399,0.019704434,NA,NA,NA,NA,NA,NA,NA,0,0,"Ziemi?ska K, Westoby M, Wright IJ. 2015. Broad Anatomical Variation within a Narrow Wood Density Range—A Study of Twig Wood across 69 Australian Angiosperms. PLoS ONE 10: e0124892"
145.449,-16.104,2012 May,Cape Tribulation,Argyrodendron peralatum,30.6,54.62187404,16884.60718,2419.08031,0.57407,897238.86,1214.306572,57.14606791,84.22315445,0.10227273,0.073863635,0.2840909,0.34090908,0.62499998,0.198863635,0.18181818,0.017045455,NA,NA,NA,NA,NA,NA,NA,0,0,"Ziemi?ska K, Westoby M, Wright IJ. 2015. Broad Anatomical Variation within a Narrow Wood Density Range—A Study of Twig Wood across 69 Australian Angiosperms. PLoS ONE 10: e0124892"
145.449,-16.104,2012 May,Cape Tribulation,Austromuellera trinervia,16.3,70.3776298,16654.00252,4686.23135,0.46999,78526543.11,2204.514342,62.12310093,66.70803667,0.147058824,0.023529412,0.161764706,0.352941176,0.514705882,0.3,0.261764706,0.038235294,NA,NA,NA,NA,NA,NA,NA,0.014705882,0,"Ziemi?ska K, Westoby M, Wright IJ. 2015. Broad Anatomical Variation within a Narrow Wood Density Range—A Study of Twig Wood across 69 Australian Angiosperms. PLoS ONE 10: e0124892"
145.449,-16.104,2012 May,Cape Tribulation,Austromuellera trinervia,19.9,90.72304133,15026.34529,3298.65719,0.46591,68968168.92,1487.3693,57.46077989,102.0696003,0.15181519,0.042904291,0.16831684,0.25742575,0.42574259,0.37623762,0.25082508,0.12541254,NA,NA,NA,NA,NA,NA,NA,0.00330033,0,"Ziemi?ska K, Westoby M, Wright IJ. 2015. Broad Anatomical Variation within a Narrow Wood Density Range—A Study of Twig Wood across 69 Australian Angiosperms. PLoS ONE 10: e0124892"
145.449,-16.104,2012 May,Cape Tribulation,Austromuellera trinervia,19.8,77.36456024,15003.25454,3362.38379,0.45533,70272322.57,1476.644728,55.7717444,92.73908108,0.136942675,0.025477707,0.194267516,0.433121019,0.627388535,0.203821656,0.156050955,0.047770701,NA,NA,NA,NA,NA,NA,NA,0.006369427,0,"Ziemi?ska K, Westoby M, Wright IJ. 2015. Broad Anatomical Variation within a Narrow Wood Density Range—A Study of Twig Wood across 69 Australian Angiosperms. PLoS ONE 10: e0124892"
145.449,-16.104,2012 May,Cape Tribulation,Brombya platynema,10.8,108.6595961,8693.94173,4877.4424,0.59067,1439320.67,846.8289479,40.88337037,133.490333,0.113043478,0.030434783,0.043478261,0.3,0.343478261,0.513043478,0.365217391,0.147826087,NA,NA,NA,NA,NA,NA,NA,0,0,"Ziemi?ska K, Westoby M, Wright IJ. 2015. Broad Anatomical Variation within a Narrow Wood Density Range—A Study of Twig Wood across 69 Australian Angiosperms. PLoS ONE 10: e0124892"
145.449,-16.104,2012 May,Cape Tribulation,Brombya platynema,10.3,188.5776041,5434.221018,4532.65221,0.52999,8014988.26,644.1362672,35.24498621,131.3625531,0.084615385,0.030769231,0.061538462,0.276923077,0.338461538,0.546153846,0.419230769,0.126923077,NA,NA,NA,NA,NA,NA,NA,0,0,"Ziemi?ska K, Westoby M, Wright IJ. 2015. Broad Anatomical Variation within a Narrow Wood Density Range—A Study of Twig Wood across 69 Australian Angiosperms. PLoS ONE 10: e0124892"
145.449,-16.104,2012 May,Cape Tribulation,Brombya platynema,7.1,162.1885357,14632.25425,5907.87392,0.57006,583236.68,758.1858619,37.93029511,92.73781474,0.0703125,0.0390625,0.15625,0.26171875,0.41796875,0.47265625,0.3125,0.16015625,NA,NA,NA,NA,NA,NA,NA,0,0,"Ziemi?ska K, Westoby M, Wright IJ. 2015. Broad Anatomical Variation within a Narrow Wood Density Range—A Study of Twig Wood across 69 Australian Angiosperms. PLoS ONE 10: e0124892"
145.449,-16.104,2012 May,Cape Tribulation,Cardwellia sublimis,29.1,69.14815127,6774.708225,3591.16297,0.49791,2975402.40,1820.686731,54.08745314,68.827482,0.125313283,0.030075188,0.263157895,0.360902256,0.62406015,0.220551378,0.175438596,0.045112782,NA,NA,NA,NA,NA,NA,NA,0,0,"Ziemi?ska K, Westoby M, Wright IJ. 2015. Broad Anatomical Variation within a Narrow Wood Density Range—A Study of Twig Wood across 69 Australian Angiosperms. PLoS ONE 10: e0124892"
145.449,-16.104,2012 May,Cape Tribulation,Cardwellia sublimis,27.9,92.87890488,9179.839518,3523.17477,0.46050,2788163.48,2196.970378,58.07331309,44.15850407,0.097014925,0.027363184,0.248756219,0.410447761,0.65920398,0.21641791,0.15920398,0.05721393,NA,NA,NA,NA,NA,NA,NA,0,0,"Ziemi?ska K, Westoby M, Wright IJ. 2015. Broad Anatomical Variation within a Narrow Wood Density Range—A Study of Twig Wood across 69 Australian Angiosperms. PLoS ONE 10: e0124892"
145.449,-16.104,2012 May,Cape Tribulation,Cardwellia sublimis,24.9,81.38363724,6236.765296,3824.35771,0.44746,3272282.91,1589.011412,54.34118105,69.47062152,0.11038961,0.025974026,0.337662338,0.365800866,0.703463203,0.16017316,0.119047619,0.041125541,NA,NA,NA,NA,NA,NA,NA,0,0,"Ziemi?ska K, Westoby M, Wright IJ. 2015. Broad Anatomical Variation within a Narrow Wood Density Range—A Study of Twig Wood across 69 Australian Angiosperms. PLoS ONE 10: e0124892"
145.449,-16.104,2012 May,Cape Tribulation,Casearia dallachii,2.9,206.8057247,17569.52156,4434.16728,0.51788,4530490.77,662.8692202,34.13677103,166.5330153,0.11038961,0.045454545,0.042207794,0.31168831,0.353896104,0.49025974,0.30194805,0.18831169,NA,NA,NA,NA,NA,NA,NA,0,0,"Ziemi?ska K, Westoby M, Wright IJ. 2015. Broad Anatomical Variation within a Narrow Wood Density Range—A Study of Twig Wood across 69 Australian Angiosperms. PLoS ONE 10: e0124892"
145.449,-16.104,2012 May,Cape Tribulation,Casearia dallachii,2.7,161.5816976,20233.57584,3520.39292,0.55547,969809.65,570.0609649,31.52593221,183.846126,0.1048035,0.030567687,0.013100437,0.34934498,0.362445417,0.5021834,0.29694323,0.20524017,NA,NA,NA,NA,NA,NA,NA,0,0,"Ziemi?ska K, Westoby M, Wright IJ. 2015. Broad Anatomical Variation within a Narrow Wood Density Range—A Study of Twig Wood across 69 Australian Angiosperms. PLoS ONE 10: e0124892"
145.449,-16.104,2012 May,Cape Tribulation,Casearia dallachii,2.6,124.3588024,7923.580876,4978.72787,0.44112,3626026.24,1047.977835,41.06684348,128.3963987,0.13455658,0.033639145,0.027522936,0.38226299,0.409785926,0.42201833,0.17431192,0.24770641,NA,NA,NA,NA,NA,NA,NA,0,0,"Ziemi?ska K, Westoby M, Wright IJ. 2015. Broad Anatomical Variation within a Narrow Wood Density Range—A Study of Twig Wood across 69 Australian Angiosperms. PLoS ONE 10: e0124892"
145.449,-16.104,2012 May,Cape Tribulation,Castanospermum australe,29,106.2406201,11310.00682,3200.54088,0.39047,16486999.71,3894.395119,88.24443204,18.16243734,0.070731707,0.017073171,0.251219512,0.314634146,0.565853659,0.346341463,0.190243902,0.156097561,NA,NA,NA,NA,NA,NA,NA,0,0,"Ziemi?ska K, Westoby M, Wright IJ. 2015. Broad Anatomical Variation within a Narrow Wood Density Range—A Study of Twig Wood across 69 Australian Angiosperms. PLoS ONE 10: e0124892"
145.449,-16.104,2012 May,Cape Tribulation,Castanospermum australe,30.6,82.35225773,14994.87757,2751.67596,0.44624,35408890.80,2476.668553,69.13986375,33.75152124,0.083591331,0.021671827,0.393188854,0.185758514,0.578947368,0.315789474,0.176470588,0.139318885,NA,NA,NA,NA,NA,NA,NA,0,0,"Ziemi?ska K, Westoby M, Wright IJ. 2015. Broad Anatomical Variation within a Narrow Wood Density Range—A Study of Twig Wood across 69 Australian Angiosperms. PLoS ONE 10: e0124892"
145.449,-16.104,2012 May,Cape Tribulation,Castanospermum australe,32.9,98.55264831,8310.979019,2417.17163,0.45691,6800919.78,1570.175486,53.79950974,50.16453511,0.078767123,0.017123288,0.188356164,0.273972603,0.462328767,0.441780822,0.325342466,0.116438356,NA,NA,NA,NA,NA,NA,NA,0,0,"Ziemi?ska K, Westoby M, Wright IJ. 2015. Broad Anatomical Variation within a Narrow Wood Density Range—A Study of Twig Wood across 69 Australian Angiosperms. PLoS ONE 10: e0124892"
145.449,-16.104,2012 May,Cape Tribulation,Cleistanthus myrianthus,12.9,138.2836427,9676.44033,6692.49086,0.51527,1041909.20,757.8220505,35.78351334,128.497545,0.097378273,0.059925094,0.074906368,0.27715355,0.352059918,0.4906367,0.38576778,0.10486892,NA,NA,NA,NA,NA,NA,NA,0,0,"Ziemi?ska K, Westoby M, Wright IJ. 2015. Broad Anatomical Variation within a Narrow Wood Density Range—A Study of Twig Wood across 69 Australian Angiosperms. PLoS ONE 10: e0124892"
145.449,-16.104,2012 May,Cape Tribulation,Cleistanthus myrianthus,20.3,113.0945903,4632.289259,6720.02619,0.49615,1571581.72,1015.199841,41.43007298,157.4245222,0.15981735,0.054794521,0.091324205,0.29223743,0.383561635,0.40182649,0.28767124,0.11415525,NA,NA,NA,NA,NA,NA,NA,0,0,"Ziemi?ska K, Westoby M, Wright IJ. 2015. Broad Anatomical Variation within a Narrow Wood Density Range—A Study of Twig Wood across 69 Australian Angiosperms. PLoS ONE 10: e0124892"
145.449,-16.104,2012 May,Cape Tribulation,Cleistanthus myrianthus,19.2,136.7606469,8182.982033,5827.22054,0.59943,2137539.64,1009.253824,39.88771379,191.2130085,0.19298246,0.065789475,0.096491232,0.22807018,0.324561412,0.416666672,0.32017544,0.096491232,NA,NA,NA,NA,NA,NA,NA,0,0,"Ziemi?ska K, Westoby M, Wright IJ. 2015. Broad Anatomical Variation within a Narrow Wood Density Range—A Study of Twig Wood across 69 Australian Angiosperms. PLoS ONE 10: e0124892"
145.449,-16.104,2012 May,Cape Tribulation,Cryptocarya grandis,26.2,95.77321708,9051.902101,3922.40033,0.59067,3615580.45,1779.026098,61.41492631,87.68842692,0.156,0.051999998,0.152,0.23200001,0.38400001,0.408,0.244,0.164,NA,NA,NA,NA,NA,NA,NA,0,0,"Ziemi?ska K, Westoby M, Wright IJ. 2015. Broad Anatomical Variation within a Narrow Wood Density Range—A Study of Twig Wood across 69 Australian Angiosperms. PLoS ONE 10: e0124892"
145.449,-16.104,2012 May,Cape Tribulation,Cryptocarya grandis,24.5,107.320083,15811.61359,4670.62931,0.53965,2901103.74,2093.9897,66.76033399,54.31043429,0.11372549,0.023529413,0.14117647,0.19215687,0.33333334,0.52941175,0.34117645,0.1882353,NA,NA,NA,NA,NA,NA,NA,0,0,"Ziemi?ska K, Westoby M, Wright IJ. 2015. Broad Anatomical Variation within a Narrow Wood Density Range—A Study of Twig Wood across 69 Australian Angiosperms. PLoS ONE 10: e0124892"
145.449,-16.104,2012 May,Cape Tribulation,Cryptocarya grandis,23.3,97.84753773,9413.187164,5279.76072,0.56144,2185920.17,2000.382,69.96889131,64.20792129,0.12844037,0.041284404,0.16055046,0.21559633,0.37614679,0.45412845,0.30733946,0.14678899,NA,NA,NA,NA,NA,NA,NA,0,0,"Ziemi?ska K, Westoby M, Wright IJ. 2015. Broad Anatomical Variation within a Narrow Wood Density Range—A Study of Twig Wood across 69 Australian Angiosperms. PLoS ONE 10: e0124892"
145.449,-16.104,2012 May,Cape Tribulation,Cryptocarya grandis,NA,NA,NA,NA,0.55195,NA,NA,NA,NA,NA,NA,NA,NA,NA,NA,NA,NA,NA,NA,NA,NA,NA,NA,NA,NA,NA,unpublished
145.449,-16.104,2012 May,Cape Tribulation,Cryptocarya mackinnoniana,20.8,54.45331344,4028.37351,3900.47247,0.59062,18388998.44,1803.143632,66.44528939,48.06420768,0.08666667,0.035555556,0.17555555,0.26666666,0.44222221,0.43333334,0.26888889,0.16444445,NA,NA,NA,NA,NA,NA,NA,0,0.002222222,"Ziemi?ska K, Westoby M, Wright IJ. 2015. Broad Anatomical Variation within a Narrow Wood Density Range—A Study of Twig Wood across 69 Australian Angiosperms. PLoS ONE 10: e0124892"
145.449,-16.104,2012 May,Cape Tribulation,Cryptocarya mackinnoniana,20.7,54.22042147,5205.913977,8105.84104,0.61813,14367131.52,2321.1147,64.48630291,55.75414261,0.12941176,0.023529413,0.10196078,0.23137255,0.33333333,0.51372549,0.33725491,0.17647058,NA,NA,NA,NA,NA,NA,NA,0,0,"Ziemi?ska K, Westoby M, Wright IJ. 2015. Broad Anatomical Variation within a Narrow Wood Density Range—A Study of Twig Wood across 69 Australian Angiosperms. PLoS ONE 10: e0124892"
145.449,-16.104,2012 May,Cape Tribulation,Cryptocarya mackinnoniana,19.4,48.98165151,4395.988568,4444.76848,0.61583,6326853.45,1355.516658,54.95998163,47.98218421,0.06504065,0.069105692,0.21138212,0.3292683,0.54065042,0.288617893,0.21544716,0.073170733,NA,NA,NA,NA,NA,NA,NA,0,0.036585367,"Ziemi?ska K, Westoby M, Wright IJ. 2015. Broad Anatomical Variation within a Narrow Wood Density Range—A Study of Twig Wood across 69 Australian Angiosperms. PLoS ONE 10: e0124892"
145.449,-16.104,2012 May,Cape Tribulation,Cryptocarya murrayi,19.7,88.40309296,8963.219254,4232.79954,0.51559,5843362.34,2039.3146,66.52368021,70.26066013,0.14328359,0.026865671,0.21194031,0.19701492,0.40895523,0.37910448,0.23283583,0.14626865,NA,NA,NA,NA,NA,NA,NA,0,0.041791043,"Ziemi?ska K, Westoby M, Wright IJ. 2015. Broad Anatomical Variation within a Narrow Wood Density Range—A Study of Twig Wood across 69 Australian Angiosperms. PLoS ONE 10: e0124892"
145.449,-16.104,2012 May,Cape Tribulation,Cryptocarya murrayi,21.4,80.25884558,12374.2266,2939.12572,0.43918,9709877.49,2170.514032,73.15637855,77.8037679,0.16887417,0.0397351,0.22847683,0.18874172,0.41721855,0.36092715,0.24503311,0.11589404,NA,NA,NA,NA,NA,NA,NA,0,0.013245033,"Ziemi?ska K, Westoby M, Wright IJ. 2015. Broad Anatomical Variation within a Narrow Wood Density Range—A Study of Twig Wood across 69 Australian Angiosperms. PLoS ONE 10: e0124892"
145.449,-16.104,2012 May,Cape Tribulation,Cryptocarya murrayi,16,78.52599205,6857.658258,4003.55949,0.46654,14555627.08,2174.459995,61.26390362,50.47510547,0.109756098,0.027439024,0.143292683,0.347560976,0.490853659,0.368902439,0.237804878,0.131097561,NA,NA,NA,NA,NA,NA,NA,0,0.00304878,"Ziemi?ska K, Westoby M, Wright IJ. 2015. Broad Anatomical Variation within a Narrow Wood Density Range—A Study of Twig Wood across 69 Australian Angiosperms. PLoS ONE 10: e0124892"
145.449,-16.104,2012 May,Cape Tribulation,Doryphora aromatica,24.1,140.5880195,10994.87721,3915.44748,0.51491,422230.05,546.6148472,29.71105348,369.4931468,0.20197044,0.088669949,0.019704434,0.20197044,0.221674874,0.48768472,0.36945812,0.1182266,NA,NA,NA,NA,NA,NA,NA,0,0,"Ziemi?ska K, Westoby M, Wright IJ. 2015. Broad Anatomical Variation within a Narrow Wood Density Range—A Study of Twig Wood across 69 Australian Angiosperms. PLoS ONE 10: e0124892"
145.449,-16.104,2012 May,Cape Tribulation,Doryphora aromatica,16,126.1513863,13398.97848,6200.99257,0.56724,633502.16,603.97333,31.25117704,383.5603635,0.23166023,0.061776061,0.007722008,0.28185328,0.289575288,0.416988429,0.32432434,0.092664089,NA,NA,NA,NA,NA,NA,NA,0,0,"Ziemi?ska K, Westoby M, Wright IJ. 2015. Broad Anatomical Variation within a Narrow Wood Density Range—A Study of Twig Wood across 69 Australian Angiosperms. PLoS ONE 10: e0124892"
145.449,-16.104,2012 May,Cape Tribulation,Doryphora aromatica,18.9,134.3358072,6254.787107,6306.99133,0.52591,411862.80,727.43507,35.38191221,254.5728036,0.185185185,0.042328042,0.010582011,0.211640212,0.222222222,0.55026455,0.428571429,0.121693122,NA,NA,NA,NA,NA,NA,NA,0,0,"Ziemi?ska K, Westoby M, Wright IJ. 2015. Broad Anatomical Variation within a Narrow Wood Density Range—A Study of Twig Wood across 69 Australian Angiosperms. PLoS ONE 10: e0124892"
145.449,-16.104,2012 May,Cape Tribulation,Dysoxylum alliaceum,19.9,104.3924322,9695.8255,5737.09908,0.48244,20386737.21,1706.399386,59.30045146,46.88234222,0.08,0.043333333,0.24,0.17,0.41,0.466666667,0.336666667,0.13,NA,NA,NA,NA,NA,NA,NA,0,0,"Ziemi?ska K, Westoby M, Wright IJ. 2015. Broad Anatomical Variation within a Narrow Wood Density Range—A Study of Twig Wood across 69 Australian Angiosperms. PLoS ONE 10: e0124892"
145.449,-16.104,2012 May,Cape Tribulation,Dysoxylum alliaceum,20.2,88.07609305,10347.45139,3887.83676,0.40280,6423535.96,2149.5171,64.96267259,57.03855996,0.12260536,0.034482758,0.32950191,0.20306513,0.53256704,0.310344841,0.21072798,0.099616861,NA,NA,NA,NA,NA,NA,NA,0,0,"Ziemi?ska K, Westoby M, Wright IJ. 2015. Broad Anatomical Variation within a Narrow Wood Density Range—A Study of Twig Wood across 69 Australian Angiosperms. PLoS ONE 10: e0124892"
145.449,-16.104,2012 May,Cape Tribulation,Dysoxylum alliaceum,19.4,100.6336263,12960.69866,2611.83898,0.40466,3697811.63,1965.936935,67.04035621,53.06200057,0.104316547,0.039568345,0.258992806,0.28057554,0.539568345,0.316546763,0.226618705,0.089928058,NA,NA,NA,NA,NA,NA,NA,0,0,"Ziemi?ska K, Westoby M, Wright IJ. 2015. Broad Anatomical Variation within a Narrow Wood Density Range—A Study of Twig Wood across 69 Australian Angiosperms. PLoS ONE 10: e0124892"
145.449,-16.104,2012 May,Cape Tribulation,Dysoxylum arborescens,20.6,137.430436,10726.77969,4370.29581,0.52351,7023344.54,1301.786598,50.37252988,146.3190593,0.19047619,0.027777778,0.253968254,0.166666667,0.420634921,0.361111111,0.23015873,0.130952381,NA,NA,NA,NA,NA,NA,NA,0,0,"Ziemi?ska K, Westoby M, Wright IJ. 2015. Broad Anatomical Variation within a Narrow Wood Density Range—A Study of Twig Wood across 69 Australian Angiosperms. PLoS ONE 10: e0124892"
145.449,-16.104,2012 May,Cape Tribulation,Dysoxylum arborescens,13.6,134.5468819,10982.9714,4852.16067,0.55485,7370176.37,877.6143696,43.11994338,107.1280249,0.094017094,0.025641026,0.196581197,0.282051282,0.478632479,0.401709402,0.333333333,0.068376068,NA,NA,NA,NA,NA,NA,NA,0,0,"Ziemi?ska K, Westoby M, Wright IJ. 2015. Broad Anatomical Variation within a Narrow Wood Density Range—A Study of Twig Wood across 69 Australian Angiosperms. PLoS ONE 10: e0124892"
145.449,-16.104,2012 May,Cape Tribulation,Dysoxylum arborescens,16,123.7954461,10287.97005,4142.94661,0.50440,3289875.83,1143.55946,43.84815758,77.73001057,0.088888889,0.022222222,0.204444444,0.217777778,0.422222222,0.466666667,0.311111111,0.155555556,NA,NA,NA,NA,NA,NA,NA,0,0,"Ziemi?ska K, Westoby M, Wright IJ. 2015. Broad Anatomical Variation within a Narrow Wood Density Range—A Study of Twig Wood across 69 Australian Angiosperms. PLoS ONE 10: e0124892"
145.449,-16.104,2012 May,Cape Tribulation,Dysoxylum papuanum,31.9,96.57672619,8485.384668,5149.99183,0.61033,2842041.79,1306.533336,50.27284155,114.8076332,0.15,0.057142857,0.139285714,0.228571429,0.367857143,0.425,0.303571429,0.121428571,NA,NA,NA,NA,NA,NA,NA,0,0,"Ziemi?ska K, Westoby M, Wright IJ. 2015. Broad Anatomical Variation within a Narrow Wood Density Range—A Study of Twig Wood across 69 Australian Angiosperms. PLoS ONE 10: e0124892"
145.449,-16.104,2012 May,Cape Tribulation,Dysoxylum papuanum,30.6,110.3164485,8532.297182,3557.49848,0.47218,5308034.95,1256.421691,45.60818012,145.0774706,0.182278481,0.04556962,0.156962025,0.263291139,0.420253165,0.351898734,0.235443038,0.116455696,NA,NA,NA,NA,NA,NA,NA,0,0,"Ziemi?ska K, Westoby M, Wright IJ. 2015. Broad Anatomical Variation within a Narrow Wood Density Range—A Study of Twig Wood across 69 Australian Angiosperms. PLoS ONE 10: e0124892"
145.449,-16.104,2012 May,Cape Tribulation,Dysoxylum papuanum,29.2,97.22072547,10776.66578,6412.77685,0.49125,4902376.80,1301.211124,50.80876992,104.5180121,0.136,0.052,0.164,0.212,0.376,0.436,0.296,0.14,NA,NA,NA,NA,NA,NA,NA,0,0,"Ziemi?ska K, Westoby M, Wright IJ. 2015. Broad Anatomical Variation within a Narrow Wood Density Range—A Study of Twig Wood across 69 Australian Angiosperms. PLoS ONE 10: e0124892"
145.449,-16.104,2012 May,Cape Tribulation,Dysoxylum parasiticum,15.7,89.7010494,13863.27561,4472.39069,0.52213,20143342.32,3375.0886,81.80951268,39.50513477,0.13333333,0.033333333,0.09666667,0.22,0.31666667,0.51666666,0.30666666,0.21,NA,NA,NA,NA,NA,NA,NA,0,0,"Ziemi?ska K, Westoby M, Wright IJ. 2015. Broad Anatomical Variation within a Narrow Wood Density Range—A Study of Twig Wood across 69 Australian Angiosperms. PLoS ONE 10: e0124892"
145.449,-16.104,2012 May,Cape Tribulation,Dysoxylum parasiticum,10.8,108.9532105,22977.63676,3462.15057,0.40204,15124883.67,4914.039096,90.08967323,35.8006769,0.175925926,0.021604938,0.12037037,0.212962963,0.333333333,0.469135802,0.299382716,0.169753086,NA,NA,NA,NA,NA,NA,NA,0,0,"Ziemi?ska K, Westoby M, Wright IJ. 2015. Broad Anatomical Variation within a Narrow Wood Density Range—A Study of Twig Wood across 69 Australian Angiosperms. PLoS ONE 10: e0124892"
145.449,-16.104,2012 May,Cape Tribulation,Dysoxylum parasiticum,12.8,149.8135924,33796.75061,4196.6561,0.38158,21710918.51,2711.3857,76.15958936,51.18250421,0.13877551,0.024489796,0.097959185,0.15510204,0.253061225,0.58367348,0.30612246,0.27755102,NA,NA,NA,NA,NA,NA,NA,0,0,"Ziemi?ska K, Westoby M, Wright IJ. 2015. Broad Anatomical Variation within a Narrow Wood Density Range—A Study of Twig Wood across 69 Australian Angiosperms. PLoS ONE 10: e0124892"
145.449,-16.104,2012 May,Cape Tribulation,Dysoxylum parasiticum,11.1,105.4589077,18018.83233,3396.79195,0.45440,12743870.60,3480.5186,85.41593711,49.67114958,0.17288136,0.030508475,0.10508474,0.21694916,0.3220339,0.47457628,0.29830509,0.17627119,NA,NA,NA,NA,NA,NA,NA,0,0,"Ziemi?ska K, Westoby M, Wright IJ. 2015. Broad Anatomical Variation within a Narrow Wood Density Range—A Study of Twig Wood across 69 Australian Angiosperms. PLoS ONE 10: e0124892"
145.449,-16.104,2012 May,Cape Tribulation,Dysoxylum pettigrewianum,25.5,76.65490256,7041.189163,2294.03422,0.45585,13760175.82,1547.03129,51.14456119,178.8580689,0.276699029,0.033980583,0.262135922,0.13592233,0.398058252,0.291262136,0.233009709,0.058252427,NA,NA,NA,NA,NA,NA,NA,0,0,"Ziemi?ska K, Westoby M, Wright IJ. 2015. Broad Anatomical Variation within a Narrow Wood Density Range—A Study of Twig Wood across 69 Australian Angiosperms. PLoS ONE 10: e0124892"
145.449,-16.104,2012 May,Cape Tribulation,Dysoxylum pettigrewianum,24.6,85.66603828,24183.47523,5172.99074,0.48945,20597852.23,1948.384896,57.40754011,89.35045082,0.174089069,0.044534413,0.267206478,0.190283401,0.457489879,0.32388664,0.178137652,0.145748988,NA,NA,NA,NA,NA,NA,NA,0,0,"Ziemi?ska K, Westoby M, Wright IJ. 2015. Broad Anatomical Variation within a Narrow Wood Density Range—A Study of Twig Wood across 69 Australian Angiosperms. PLoS ONE 10: e0124892"
145.449,-16.104,2012 May,Cape Tribulation,Dysoxylum pettigrewianum,23.7,99.65758001,16355.43011,3504.43751,0.40031,22300281.29,2173.177014,63.90440837,58.14242916,0.126353791,0.050541516,0.238267148,0.220216606,0.458483755,0.364620939,0.270758123,0.093862816,NA,NA,NA,NA,NA,NA,NA,0,0,"Ziemi?ska K, Westoby M, Wright IJ. 2015. Broad Anatomical Variation within a Narrow Wood Density Range—A Study of Twig Wood across 69 Australian Angiosperms. PLoS ONE 10: e0124892"
145.449,-16.104,2012 May,Cape Tribulation,Dysoxylum pettigrewianum,24.3,87.8856015,23662.66828,4485.83403,0.48955,10350762.40,1691.286016,61.2527023,124.5882031,0.210714286,0.064285714,0.207142857,0.214285714,0.421428571,0.303571429,0.2,0.103571429,NA,NA,NA,NA,NA,NA,NA,0,0,"Ziemi?ska K, Westoby M, Wright IJ. 2015. Broad Anatomical Variation within a Narrow Wood Density Range—A Study of Twig Wood across 69 Australian Angiosperms. PLoS ONE 10: e0124892"
145.449,-16.104,2012 May,Cape Tribulation,Elaeocarpus grandis,32.8,106.4227428,9353.767679,4472.22896,0.46221,3828816.05,2182.515393,71.59399379,80.02579985,0.17465754,0.041095891,0.041095891,0.24315069,0.284246581,0.5,0.32876713,0.17123287,NA,NA,NA,NA,NA,NA,NA,0,0,"Ziemi?ska K, Westoby M, Wright IJ. 2015. Broad Anatomical Variation within a Narrow Wood Density Range—A Study of Twig Wood across 69 Australian Angiosperms. PLoS ONE 10: e0124892"
145.449,-16.104,2012 May,Cape Tribulation,Elaeocarpus grandis,30.3,129.33836,8732.651597,3502.34589,0.42129,3867693.26,1682.054102,61.59493327,65.1876314,0.109649123,0.035087719,0.035087719,0.320175439,0.355263158,0.5,0.263157895,0.236842105,NA,NA,NA,NA,NA,NA,NA,0,0,"Ziemi?ska K, Westoby M, Wright IJ. 2015. Broad Anatomical Variation within a Narrow Wood Density Range—A Study of Twig Wood across 69 Australian Angiosperms. PLoS ONE 10: e0124892"
145.449,-16.104,2012 May,Cape Tribulation,Elaeocarpus grandis,27,95.72191757,7842.932739,3048.20404,0.45234,1954306.25,2131.1775,64.7969726,97.62381594,0.20805368,0.040268455,0.036912751,0.23154362,0.268456371,0.48322147,0.23489933,0.24832214,NA,NA,NA,NA,NA,NA,NA,0,0,"Ziemi?ska K, Westoby M, Wright IJ. 2015. Broad Anatomical Variation within a Narrow Wood Density Range—A Study of Twig Wood across 69 Australian Angiosperms. PLoS ONE 10: e0124892"
145.449,-16.104,2012 May,Cape Tribulation,Endiandra leptodendron,17.6,113.7022101,9451.257158,5293.13815,0.57481,3098866.99,1546.929715,56.48798399,68.04650461,0.10526316,0.021052632,0.2,0.28771931,0.48771931,0.38596492,0.22807018,0.15789474,NA,NA,NA,NA,NA,NA,NA,0,0,"Ziemi?ska K, Westoby M, Wright IJ. 2015. Broad Anatomical Variation within a Narrow Wood Density Range—A Study of Twig Wood across 69 Australian Angiosperms. PLoS ONE 10: e0124892"
145.449,-16.104,2012 May,Cape Tribulation,Endiandra leptodendron,15.2,124.2452282,16501.12602,4921.03427,0.55751,6062488.42,1685.181625,56.32525464,80.81429824,0.13618677,0.023346304,0.058365759,0.190661479,0.249027237,0.591439689,0.459143969,0.13229572,NA,NA,NA,NA,NA,NA,NA,0,0,"Ziemi?ska K, Westoby M, Wright IJ. 2015. Broad Anatomical Variation within a Narrow Wood Density Range—A Study of Twig Wood across 69 Australian Angiosperms. PLoS ONE 10: e0124892"
145.449,-16.104,2012 May,Cape Tribulation,Endiandra leptodendron,12.9,97.3936339,15351.0429,7771.07591,0.58917,2144136.99,1301.976283,51.98785811,92.50395556,0.120437956,0.02919708,0.120437956,0.211678832,0.332116788,0.518248175,0.383211679,0.135036496,NA,NA,NA,NA,NA,NA,NA,0,0,"Ziemi?ska K, Westoby M, Wright IJ. 2015. Broad Anatomical Variation within a Narrow Wood Density Range—A Study of Twig Wood across 69 Australian Angiosperms. PLoS ONE 10: e0124892"
145.449,-16.104,2012 May,Cape Tribulation,Endiandra microneura,27.1,82.19269493,11531.66642,3730.81199,0.67572,321699.09,1237.1688,49.94489797,83.97892026,0.1038961,0.077922077,0.16883118,0.23809525,0.40692643,0.411255411,0.32900433,0.082251081,NA,NA,NA,NA,NA,NA,NA,0,0,"Ziemi?ska K, Westoby M, Wright IJ. 2015. Broad Anatomical Variation within a Narrow Wood Density Range—A Study of Twig Wood across 69 Australian Angiosperms. PLoS ONE 10: e0124892"
145.449,-16.104,2012 May,Cape Tribulation,Endiandra microneura,24.7,68.15841007,2799.133114,3800.71821,0.58712,4868840.29,1923.7372,56.73416766,74.59321887,0.14349775,0.067264576,0.11659193,0.23766817,0.3542601,0.434977598,0.34080719,0.094170408,NA,NA,NA,NA,NA,NA,NA,0,0,"Ziemi?ska K, Westoby M, Wright IJ. 2015. Broad Anatomical Variation within a Narrow Wood Density Range—A Study of Twig Wood across 69 Australian Angiosperms. PLoS ONE 10: e0124892"
145.449,-16.104,2012 May,Cape Tribulation,Endiandra microneura,24.8,87.1830103,10998.65924,4149.31685,0.57680,3996262.93,1549.624,53.58805327,116.8685888,0.18110237,0.055118113,0.15748032,0.20078741,0.35826773,0.4055118,0.3031496,0.1023622,NA,NA,NA,NA,NA,NA,NA,0,0,"Ziemi?ska K, Westoby M, Wright IJ. 2015. Broad Anatomical Variation within a Narrow Wood Density Range—A Study of Twig Wood across 69 Australian Angiosperms. PLoS ONE 10: e0124892"
145.449,-16.104,2012 May,Cape Tribulation,Eupomatia laurina,6.2,174.3677224,17761.80959,8102.8635,0.52157,29372791.75,1078.916213,41.99487284,135.4635775,0.14615385,0.05,0.023076923,0.3653846,0.388461523,0.41538462,0.29615385,0.11923077,NA,NA,NA,NA,NA,NA,NA,0,0,"Ziemi?ska K, Westoby M, Wright IJ. 2015. Broad Anatomical Variation within a Narrow Wood Density Range—A Study of Twig Wood across 69 Australian Angiosperms. PLoS ONE 10: e0124892"
145.449,-16.104,2012 May,Cape Tribulation,Eupomatia laurina,4.4,185.9656438,7759.160784,6198.49831,0.47938,9605733.70,1093.684,44.11688627,153.7755147,0.16818182,0.077272725,0.09090909,0.3,0.39090909,0.363636375,0.2909091,0.072727275,NA,NA,NA,NA,NA,NA,NA,0,0,"Ziemi?ska K, Westoby M, Wright IJ. 2015. Broad Anatomical Variation within a Narrow Wood Density Range—A Study of Twig Wood across 69 Australian Angiosperms. PLoS ONE 10: e0124892"
145.449,-16.104,2012 May,Cape Tribulation,Eupomatia laurina,11,218.9661719,10407.13839,5266.77261,0.49080,31950939.76,1048.4778,42.26834776,151.8956911,0.15925926,0.066666665,0.062962961,0.35555557,0.418518531,0.355555562,0.26296297,0.092592592,NA,NA,NA,NA,NA,NA,NA,0,0,"Ziemi?ska K, Westoby M, Wright IJ. 2015. Broad Anatomical Variation within a Narrow Wood Density Range—A Study of Twig Wood across 69 Australian Angiosperms. PLoS ONE 10: e0124892"
145.449,-16.104,2012 May,Cape Tribulation,Ficus variegata,16.5,113.7874051,5119.174705,3408.05263,0.39333,5746601.28,3522.880678,81.83564731,28.09522044,0.098976109,0.034129693,0.167235495,0.208191126,0.375426621,0.491467577,0.255972696,0.235494881,NA,NA,NA,NA,NA,NA,NA,0,0,"Ziemi?ska K, Westoby M, Wright IJ. 2015. Broad Anatomical Variation within a Narrow Wood Density Range—A Study of Twig Wood across 69 Australian Angiosperms. PLoS ONE 10: e0124892"
145.449,-16.104,2012 May,Cape Tribulation,Ficus variegata,17.6,126.6989584,9569.138349,5638.50604,0.41630,10318246.91,2625.557703,71.82868811,56.60009337,0.148606811,0.021671827,0.238390093,0.188854489,0.427244582,0.40247678,0.247678019,0.154798762,NA,NA,NA,NA,NA,NA,NA,0,0,"Ziemi?ska K, Westoby M, Wright IJ. 2015. Broad Anatomical Variation within a Narrow Wood Density Range—A Study of Twig Wood across 69 Australian Angiosperms. PLoS ONE 10: e0124892"
145.449,-16.104,2012 May,Cape Tribulation,Ficus variegata,14.2,123.6439825,5232.013942,4918.47683,0.41749,9200939.48,3194.287173,78.76808087,49.19496859,0.157142857,0.031428571,0.165714286,0.117142857,0.282857143,0.528571429,0.254285714,0.274285714,NA,NA,NA,NA,NA,NA,NA,0,0,"Ziemi?ska K, Westoby M, Wright IJ. 2015. Broad Anatomical Variation within a Narrow Wood Density Range—A Study of Twig Wood across 69 Australian Angiosperms. PLoS ONE 10: e0124892"
145.449,-16.104,2012 May,Cape Tribulation,Gillbeea whypallana,24.1,77.9532057,7011.390865,4683.68081,0.51625,3092897.97,873.98303,36.75680658,256.4557117,0.22413794,0.058620691,0.055172415,0.20689655,0.262068965,0.45517241,0.31724138,0.13793103,NA,NA,NA,NA,NA,NA,NA,0,0,"Ziemi?ska K, Westoby M, Wright IJ. 2015. Broad Anatomical Variation within a Narrow Wood Density Range—A Study of Twig Wood across 69 Australian Angiosperms. PLoS ONE 10: e0124892"
145.449,-16.104,2012 May,Cape Tribulation,Gillbeea whypallana,16.2,59.94806047,4085.449815,4270.48895,0.39502,5488990.68,1349.165031,45.33361318,177.6145427,0.23963133,0.064516129,0.087557602,0.22580645,0.313364052,0.38248848,0.20276497,0.17972351,NA,NA,NA,NA,NA,NA,NA,0,0,"Ziemi?ska K, Westoby M, Wright IJ. 2015. Broad Anatomical Variation within a Narrow Wood Density Range—A Study of Twig Wood across 69 Australian Angiosperms. PLoS ONE 10: e0124892"
145.449,-16.104,2012 May,Cape Tribulation,Gillbeea whypallana,17.1,96.16113588,9693.498585,4174.36,0.35325,3121486.46,1575.7725,49.369697,148.9693341,0.23474178,0.065727701,0.10328638,0.18779343,0.29107981,0.4084507,0.23004694,0.17840376,NA,NA,NA,NA,NA,NA,NA,0,0,"Ziemi?ska K, Westoby M, Wright IJ. 2015. Broad Anatomical Variation within a Narrow Wood Density Range—A Study of Twig Wood across 69 Australian Angiosperms. PLoS ONE 10: e0124892"
145.449,-16.104,2012 May,Cape Tribulation,Gomphandra australiana,8.1,155.4765083,6164.008952,4250.16539,0.45220,9315450.54,2059.9341,61.85527601,48.85055789,0.10062893,0.03144654,0.16981133,0.336478,0.50628933,0.361635225,0.30503145,0.056603775,NA,NA,NA,NA,NA,NA,NA,0,0,"Ziemi?ska K, Westoby M, Wright IJ. 2015. Broad Anatomical Variation within a Narrow Wood Density Range—A Study of Twig Wood across 69 Australian Angiosperms. PLoS ONE 10: e0124892"
145.449,-16.104,2012 May,Cape Tribulation,Gomphandra australiana,17.9,136.8938709,9176.06247,4635.71776,0.45181,2779681.18,2180.9329,58.81418451,36.10388839,0.078740158,0.015748031,0.16141733,0.28346457,0.4448819,0.460629933,0.40551182,0.055118113,NA,NA,NA,NA,NA,NA,NA,0,0,"Ziemi?ska K, Westoby M, Wright IJ. 2015. Broad Anatomical Variation within a Narrow Wood Density Range—A Study of Twig Wood across 69 Australian Angiosperms. PLoS ONE 10: e0124892"
145.449,-16.104,2012 May,Cape Tribulation,Gomphandra australiana,4,146.9935966,11750.34128,5281.01,0.48585,3795279.54,1636.028345,49.90548127,39.93873902,0.065340909,0.011363636,0.198863636,0.508522727,0.707386364,0.215909091,0.181818182,0.034090909,NA,NA,NA,NA,NA,NA,NA,0,0,"Ziemi?ska K, Westoby M, Wright IJ. 2015. Broad Anatomical Variation within a Narrow Wood Density Range—A Study of Twig Wood across 69 Australian Angiosperms. PLoS ONE 10: e0124892"
145.449,-16.104,2012 May,Cape Tribulation,Harpullia rhyticarpa,4.1,145.2030443,18580.2298,8339.48694,0.59128,4156327.08,1030.581304,45.40597297,96.29190883,0.099236641,0.045801525,0.14885496,0.17938931,0.32824427,0.52671757,0.41603054,0.11068703,NA,NA,NA,NA,NA,NA,NA,0,0,"Ziemi?ska K, Westoby M, Wright IJ. 2015. Broad Anatomical Variation within a Narrow Wood Density Range—A Study of Twig Wood across 69 Australian Angiosperms. PLoS ONE 10: e0124892"
145.449,-16.104,2012 May,Cape Tribulation,Harpullia rhyticarpa,8.5,102.9547426,19085.75829,6553.94509,0.59939,4942510.64,1087.368047,46.99874789,112.5448006,0.12237762,0.048951049,0.080419579,0.23776224,0.318181819,0.51048952,0.40909092,0.1013986,NA,NA,NA,NA,NA,NA,NA,0,0,"Ziemi?ska K, Westoby M, Wright IJ. 2015. Broad Anatomical Variation within a Narrow Wood Density Range—A Study of Twig Wood across 69 Australian Angiosperms. PLoS ONE 10: e0124892"
145.449,-16.104,2012 May,Cape Tribulation,Harpullia rhyticarpa,2.5,205.9673518,12312.00832,7982.38411,0.63437,3286891.31,691.1349465,39.10419785,96.00254384,0.066350713,0.028436019,0.099526062,0.18957346,0.289099522,0.616113734,0.53554501,0.080568724,NA,NA,NA,NA,NA,NA,NA,0,0,"Ziemi?ska K, Westoby M, Wright IJ. 2015. Broad Anatomical Variation within a Narrow Wood Density Range—A Study of Twig Wood across 69 Australian Angiosperms. PLoS ONE 10: e0124892"
145.449,-16.104,2012 May,Cape Tribulation,Hernandia albiflora,5.2,203.0060646,13948.2619,7129.90358,0.46932,7999280.29,1607.614,64.38197574,32.03638871,0.051502147,0.008583691,0.085836906,0.25321888,0.339055786,0.60085839,0.32618027,0.27467812,NA,NA,NA,NA,NA,NA,NA,0,0,"Ziemi?ska K, Westoby M, Wright IJ. 2015. Broad Anatomical Variation within a Narrow Wood Density Range—A Study of Twig Wood across 69 Australian Angiosperms. PLoS ONE 10: e0124892"
145.449,-16.104,2012 May,Cape Tribulation,Hernandia albiflora,6,190.272884,13183.07605,5802.58025,0.51399,2726117.03,1465.4474,54.4479305,61.56861243,0.090225563,0.037593985,0.18421053,0.22556391,0.40977444,0.46240602,0.33834587,0.12406015,NA,NA,NA,NA,NA,NA,NA,0,0,"Ziemi?ska K, Westoby M, Wright IJ. 2015. Broad Anatomical Variation within a Narrow Wood Density Range—A Study of Twig Wood across 69 Australian Angiosperms. PLoS ONE 10: e0124892"
145.449,-16.104,2012 May,Cape Tribulation,Hernandia albiflora,4.5,202.1935252,7679.818729,3886.60841,0.40623,4016997.45,1236.1272,51.19029674,54.79135319,0.067729082,0.031872511,0.16733068,0.17928288,0.34661356,0.55378487,0.32669323,0.22709164,NA,NA,NA,NA,NA,NA,NA,0,0,"Ziemi?ska K, Westoby M, Wright IJ. 2015. Broad Anatomical Variation within a Narrow Wood Density Range—A Study of Twig Wood across 69 Australian Angiosperms. PLoS ONE 10: e0124892"
145.449,-16.104,2012 May,Cape Tribulation,Leea indica,4.3,380.7792767,47924.7526,5766.55508,0.38016,74595860.92,3531.9053,74.43156536,33.90817981,0.11976048,0.035928144,0.029940119,0.35928143,0.389221549,0.45508982,0.251497,0.20359282,NA,NA,NA,NA,NA,NA,NA,0,0,"Ziemi?ska K, Westoby M, Wright IJ. 2015. Broad Anatomical Variation within a Narrow Wood Density Range—A Study of Twig Wood across 69 Australian Angiosperms. PLoS ONE 10: e0124892"
145.449,-16.104,2012 May,Cape Tribulation,Leea indica,4.5,67.6603653,11021.86037,6243.90685,0.41313,39273835.16,2572.2449,81.57265709,43.93582431,0.1130137,0.030821917,0.023972602,0.4452055,0.469178102,0.38698629,0.17123287,0.21575342,NA,NA,NA,NA,NA,NA,NA,0,0,"Ziemi?ska K, Westoby M, Wright IJ. 2015. Broad Anatomical Variation within a Narrow Wood Density Range—A Study of Twig Wood across 69 Australian Angiosperms. PLoS ONE 10: e0124892"
145.449,-16.104,2012 May,Cape Tribulation,Leea indica,2.7,360.7124358,15764.91557,3414.26484,0.39364,37175094.19,3128.8853,69.61874042,46.68353295,0.14606742,0.005617977,0.011235955,0.4213483,0.432584255,0.41573033,0.24157303,0.1741573,NA,NA,NA,NA,NA,NA,NA,0,0,"Ziemi?ska K, Westoby M, Wright IJ. 2015. Broad Anatomical Variation within a Narrow Wood Density Range—A Study of Twig Wood across 69 Australian Angiosperms. PLoS ONE 10: e0124892"
145.449,-16.104,2012 May,Cape Tribulation,Litsea leefeana,22.8,86.27169851,15629.60669,2619.26339,0.54475,753982.24,1236.180509,48.17569992,170.3038627,0.210526316,0.067669173,0.04887218,0.161654135,0.210526316,0.484962406,0.315789474,0.169172932,NA,NA,NA,NA,NA,NA,NA,0,0.026315789,"Ziemi?ska K, Westoby M, Wright IJ. 2015. Broad Anatomical Variation within a Narrow Wood Density Range—A Study of Twig Wood across 69 Australian Angiosperms. PLoS ONE 10: e0124892"
145.449,-16.104,2012 May,Cape Tribulation,Litsea leefeana,21.4,97.4147191,16024.06356,5752.6091,0.52306,5181664.38,1579.155374,53.55085726,67.84820476,0.107142857,0.058035714,0.058035714,0.196428571,0.254464286,0.575892857,0.410714286,0.165178571,NA,NA,NA,NA,NA,NA,NA,0,0,"Ziemi?ska K, Westoby M, Wright IJ. 2015. Broad Anatomical Variation within a Narrow Wood Density Range—A Study of Twig Wood across 69 Australian Angiosperms. PLoS ONE 10: e0124892"
145.449,-16.104,2012 May,Cape Tribulation,Litsea leefeana,24.7,87.69556214,8242.326112,5328.5745,0.47851,8870443.94,2194.290376,59.07609669,79.1194789,0.173611111,0.048611111,0.013888889,0.204861111,0.21875,0.559027778,0.322916667,0.236111111,NA,NA,NA,NA,NA,NA,NA,0,0,"Ziemi?ska K, Westoby M, Wright IJ. 2015. Broad Anatomical Variation within a Narrow Wood Density Range—A Study of Twig Wood across 69 Australian Angiosperms. PLoS ONE 10: e0124892"
145.449,-16.104,2012 May,Cape Tribulation,Mallotus paniculatus,21.9,179.3755836,7560.901009,6125.95983,0.47716,5576955.28,3068.668453,80.2149762,67.85064702,0.20821114,0.046920819,0.096774197,0.20234604,0.299120237,0.4457478,0.26099707,0.18475073,NA,NA,NA,NA,NA,NA,NA,0,0,"Ziemi?ska K, Westoby M, Wright IJ. 2015. Broad Anatomical Variation within a Narrow Wood Density Range—A Study of Twig Wood across 69 Australian Angiosperms. PLoS ONE 10: e0124892"
145.449,-16.104,2012 May,Cape Tribulation,Mallotus paniculatus,22,167.0232736,11758.49695,5808.98866,0.48890,2673338.27,2107.385857,69.77285806,100.0497224,0.21084337,0.060240965,0.066265059,0.27409639,0.340361449,0.38855422,0.25301205,0.13554217,NA,NA,NA,NA,NA,NA,NA,0,0,"Ziemi?ska K, Westoby M, Wright IJ. 2015. Broad Anatomical Variation within a Narrow Wood Density Range—A Study of Twig Wood across 69 Australian Angiosperms. PLoS ONE 10: e0124892"
145.449,-16.104,2012 May,Cape Tribulation,Mallotus paniculatus,16.2,219.1862128,12051.65932,6293.14164,0.39692,6245721.81,4676.6318,95.60784185,36.09217429,0.16878981,0.025477707,0.073248405,0.15286624,0.226114645,0.57961784,0.30254778,0.27707006,NA,NA,NA,NA,NA,NA,NA,0,0,"Ziemi?ska K, Westoby M, Wright IJ. 2015. Broad Anatomical Variation within a Narrow Wood Density Range—A Study of Twig Wood across 69 Australian Angiosperms. PLoS ONE 10: e0124892"
145.449,-16.104,2012 May,Cape Tribulation,Melicope xanthoxyloides,7,185.725249,11039.70297,4970.88891,0.43885,19575028.21,1917.413777,59.27769481,114.9896009,0.220482645,0.068574656,0.101781678,0.206588221,0.308369899,0.402572793,0.245213402,0.157359391,NA,NA,NA,NA,NA,NA,NA,0,0,"Ziemi?ska K, Westoby M, Wright IJ. 2015. Broad Anatomical Variation within a Narrow Wood Density Range—A Study of Twig Wood across 69 Australian Angiosperms. PLoS ONE 10: e0124892"
145.449,-16.104,2012 May,Cape Tribulation,Melicope xanthoxyloides,11,335.5145034,30032.79588,5981.55243,0.41285,17849979.68,2235.219987,67.60664061,94.55006998,0.211340206,0.043814433,0.110824742,0.206185567,0.317010309,0.427835052,0.273195876,0.154639175,NA,NA,NA,NA,NA,NA,NA,0,0,"Ziemi?ska K, Westoby M, Wright IJ. 2015. Broad Anatomical Variation within a Narrow Wood Density Range—A Study of Twig Wood across 69 Australian Angiosperms. PLoS ONE 10: e0124892"
145.449,-16.104,2012 May,Cape Tribulation,Melicope xanthoxyloides,16,188.5837278,10341.10025,4593.43552,0.43690,16524463.20,1900.675035,58.9489479,78.10876714,0.148459384,0.025210084,0.086834734,0.221288515,0.308123249,0.518207283,0.285714286,0.232492997,NA,NA,NA,NA,NA,NA,NA,0,0,"Ziemi?ska K, Westoby M, Wright IJ. 2015. Broad Anatomical Variation within a Narrow Wood Density Range—A Study of Twig Wood across 69 Australian Angiosperms. PLoS ONE 10: e0124892"
145.449,-16.104,2012 May,Cape Tribulation,Musgravea heterophylla,27.4,65.7386529,3557.106298,2686.05859,0.50102,1874745.42,1141.523795,46.19577756,107.0380624,0.122186495,0.025723473,0.254019293,0.273311897,0.52733119,0.321543408,0.131832797,0.189710611,NA,NA,NA,NA,NA,NA,NA,0.003215434,0,"Ziemi?ska K, Westoby M, Wright IJ. 2015. Broad Anatomical Variation within a Narrow Wood Density Range—A Study of Twig Wood across 69 Australian Angiosperms. PLoS ONE 10: e0124892"
145.449,-16.104,2012 May,Cape Tribulation,Musgravea heterophylla,24,61.97649238,7670.503142,2901.54085,0.42267,15208450.04,1939.660171,61.08167293,89.8828093,0.174342105,0.036184211,0.177631579,0.233552632,0.411184211,0.371710526,0.223684211,0.148026316,NA,NA,NA,NA,NA,NA,NA,0.006578947,0,"Ziemi?ska K, Westoby M, Wright IJ. 2015. Broad Anatomical Variation within a Narrow Wood Density Range—A Study of Twig Wood across 69 Australian Angiosperms. PLoS ONE 10: e0124892"
145.449,-16.104,2012 May,Cape Tribulation,Musgravea heterophylla,22.2,71.73177025,6339.421623,2173.53233,0.42251,11974180.40,1235.088119,48.85050243,132.0720075,0.163120567,0.035460993,0.195035461,0.280141844,0.475177305,0.319148936,0.156028369,0.163120567,NA,NA,NA,NA,NA,NA,NA,0.007092199,0,"Ziemi?ska K, Westoby M, Wright IJ. 2015. Broad Anatomical Variation within a Narrow Wood Density Range—A Study of Twig Wood across 69 Australian Angiosperms. PLoS ONE 10: e0124892"
145.449,-16.104,2012 May,Cape Tribulation,Myristica globosa,26.2,71.75210205,4515.857865,2039.37369,0.41226,2229902.47,2493.4221,66.89687178,44.56169294,0.11111111,0.026819923,0.12643678,0.24521072,0.3716475,0.49042147,0.21072798,0.27969349,NA,NA,NA,NA,NA,NA,NA,0,0,"Ziemi?ska K, Westoby M, Wright IJ. 2015. Broad Anatomical Variation within a Narrow Wood Density Range—A Study of Twig Wood across 69 Australian Angiosperms. PLoS ONE 10: e0124892"
145.449,-16.104,2012 May,Cape Tribulation,Myristica globosa,27,99.59754985,6808.695651,2844.087,0.44503,1337533.07,2143.0671,60.84093385,59.70978697,0.12796208,0.042654028,0.11374408,0.25118483,0.36492891,0.46445498,0.30805687,0.15639811,NA,NA,NA,NA,NA,NA,NA,0,0,"Ziemi?ska K, Westoby M, Wright IJ. 2015. Broad Anatomical Variation within a Narrow Wood Density Range—A Study of Twig Wood across 69 Australian Angiosperms. PLoS ONE 10: e0124892"
145.449,-16.104,2012 May,Cape Tribulation,Myristica globosa,15.7,98.27930931,7703.656503,3355.76283,0.48118,2078870.40,2335.849458,68.27166303,50.3658566,0.117647059,0.039215686,0.129411765,0.192156863,0.321568627,0.521568627,0.266666667,0.254901961,NA,NA,NA,NA,NA,NA,NA,0,0,"Ziemi?ska K, Westoby M, Wright IJ. 2015. Broad Anatomical Variation within a Narrow Wood Density Range—A Study of Twig Wood across 69 Australian Angiosperms. PLoS ONE 10: e0124892"
145.449,-16.104,2012 May,Cape Tribulation,Palaquium galactoxylum,29.1,80.33373732,8928.864993,1988.36353,0.52196,1861393.65,1776.227318,56.81911489,46.23597788,0.082125607,0.048309178,0.13043478,0.28502415,0.41545893,0.45410629,0.25120773,0.20289856,NA,NA,NA,NA,NA,NA,NA,0,0,"Ziemi?ska K, Westoby M, Wright IJ. 2015. Broad Anatomical Variation within a Narrow Wood Density Range—A Study of Twig Wood across 69 Australian Angiosperms. PLoS ONE 10: e0124892"
145.449,-16.104,2012 May,Cape Tribulation,Palaquium galactoxylum,18.2,99.57142653,12964.5497,3387.78032,0.48528,3612831.55,2191.653484,68.9991958,64.47385549,0.14130435,0.02173913,0.13768116,0.20289856,0.34057972,0.49637683,0.35507248,0.14130435,NA,NA,NA,NA,NA,NA,NA,0,0,"Ziemi?ska K, Westoby M, Wright IJ. 2015. Broad Anatomical Variation within a Narrow Wood Density Range—A Study of Twig Wood across 69 Australian Angiosperms. PLoS ONE 10: e0124892"
145.449,-16.104,2012 May,Cape Tribulation,Polyalthia xanthocarpa,2.3,162.8542617,5929.516037,3635.34151,0.57158,639078.49,469.7901,29.36038312,151.1439194,0.071005917,0.041420116,0.19526627,0.21893492,0.41420119,0.473372763,0.39053253,0.082840233,NA,NA,NA,NA,NA,NA,NA,0,0,"Ziemi?ska K, Westoby M, Wright IJ. 2015. Broad Anatomical Variation within a Narrow Wood Density Range—A Study of Twig Wood across 69 Australian Angiosperms. PLoS ONE 10: e0124892"
145.449,-16.104,2012 May,Cape Tribulation,Polyalthia xanthocarpa,2.5,179.839247,8279.865067,4136.7337,0.55911,1667793.00,1417.7781,56.07060829,50.80759535,0.072033896,0.050847459,0.19067797,0.24152542,0.43220339,0.444915259,0.3940678,0.050847459,NA,NA,NA,NA,NA,NA,NA,0,0,"Ziemi?ska K, Westoby M, Wright IJ. 2015. Broad Anatomical Variation within a Narrow Wood Density Range—A Study of Twig Wood across 69 Australian Angiosperms. PLoS ONE 10: e0124892"
145.449,-16.104,2012 May,Cape Tribulation,Polyalthia xanthocarpa,2.6,179.5499284,11698.93186,6823.26035,0.57885,984889.30,949.35986,42.23729124,48.55828958,0.046099291,0.021276596,0.19503546,0.32624115,0.52127661,0.41134752,0.30496454,0.10638298,NA,NA,NA,NA,NA,NA,NA,0,0,"Ziemi?ska K, Westoby M, Wright IJ. 2015. Broad Anatomical Variation within a Narrow Wood Density Range—A Study of Twig Wood across 69 Australian Angiosperms. PLoS ONE 10: e0124892"
145.449,-16.104,2012 May,Cape Tribulation,Pouteria xerocarpa,6,161.3218878,7179.492113,6597.15949,0.51609,2997079.39,905.2162491,48.78219123,137.4015437,0.12437811,0.029850745,0.2238806,0.27860697,0.50248757,0.34328359,0.20895523,0.13432836,NA,NA,NA,NA,NA,NA,NA,0,0,"Ziemi?ska K, Westoby M, Wright IJ. 2015. Broad Anatomical Variation within a Narrow Wood Density Range—A Study of Twig Wood across 69 Australian Angiosperms. PLoS ONE 10: e0124892"
145.449,-16.104,2012 May,Cape Tribulation,Pouteria xerocarpa,7,160.986513,15684.59811,4949.50454,0.49436,2568016.37,900.976035,49.10394066,141.0584689,0.1270903,0.060200667,0.22408028,0.23745819,0.46153847,0.35117057,0.20735786,0.14381271,NA,NA,NA,NA,NA,NA,NA,0,0,"Ziemi?ska K, Westoby M, Wright IJ. 2015. Broad Anatomical Variation within a Narrow Wood Density Range—A Study of Twig Wood across 69 Australian Angiosperms. PLoS ONE 10: e0124892"
145.449,-16.104,2012 May,Cape Tribulation,Pouteria xerocarpa,9,120.7369487,13170.98513,1996.41114,0.58021,1833826.17,690.6374754,39.61768318,159.2233837,0.109965636,0.048109966,0.144329897,0.288659794,0.432989691,0.408934708,0.312714777,0.096219931,NA,NA,NA,NA,NA,NA,NA,0,0,"Ziemi?ska K, Westoby M, Wright IJ. 2015. Broad Anatomical Variation within a Narrow Wood Density Range—A Study of Twig Wood across 69 Australian Angiosperms. PLoS ONE 10: e0124892"
145.449,-16.104,2012 May,Cape Tribulation,Rockinghamia angustifolia,18.4,121.2956147,8899.009981,5500.32538,0.46166,2755490.92,1390.582899,56.56808488,91.58640644,0.127358491,0.047169811,0.099056604,0.198113208,0.297169811,0.528301887,0.386792453,0.141509434,NA,NA,NA,NA,NA,NA,NA,0,0,"Ziemi?ska K, Westoby M, Wright IJ. 2015. Broad Anatomical Variation within a Narrow Wood Density Range—A Study of Twig Wood across 69 Australian Angiosperms. PLoS ONE 10: e0124892"
145.449,-16.104,2012 May,Cape Tribulation,Rockinghamia angustifolia,14.9,81.91996512,7861.722765,3826.10485,0.44075,3922749.67,1454.698864,52.86176513,108.8686083,0.158371041,0.040723982,0.126696833,0.235294118,0.36199095,0.438914027,0.239819005,0.199095023,NA,NA,NA,NA,NA,NA,NA,0,0,"Ziemi?ska K, Westoby M, Wright IJ. 2015. Broad Anatomical Variation within a Narrow Wood Density Range—A Study of Twig Wood across 69 Australian Angiosperms. PLoS ONE 10: e0124892"
145.449,-16.104,2012 May,Cape Tribulation,Rockinghamia angustifolia,16.6,95.68984236,6322.455688,3223.01511,0.44360,969809.65,1368.737338,57.27085621,70.70326124,0.096774194,0.032258065,0.101382488,0.235023041,0.33640553,0.534562212,0.382488479,0.152073733,NA,NA,NA,NA,NA,NA,NA,0,0,"Ziemi?ska K, Westoby M, Wright IJ. 2015. Broad Anatomical Variation within a Narrow Wood Density Range—A Study of Twig Wood across 69 Australian Angiosperms. PLoS ONE 10: e0124892"
145.449,-16.104,2012 May,Cape Tribulation,Syzygium graveolens,27.6,70.36260044,4967.800389,NA,0.57942,808645.95,1106.542191,47.60745335,148.7127769,0.164556962,0.060126582,0.240506329,0.196202532,0.436708861,0.338607595,0.294303797,0.044303797,NA,NA,NA,NA,NA,NA,NA,0,0,"Ziemi?ska K, Westoby M, Wright IJ. 2015. Broad Anatomical Variation within a Narrow Wood Density Range—A Study of Twig Wood across 69 Australian Angiosperms. PLoS ONE 10: e0124892"
145.449,-16.104,2012 May,Cape Tribulation,Syzygium graveolens,31.5,82.4343912,8300.34793,2237.34192,0.48172,2300431.22,1676.6455,53.02130446,102.4400984,0.17175573,0.057251906,0.27862595,0.13740458,0.41603053,0.354961831,0.25572519,0.099236641,NA,NA,NA,NA,NA,NA,NA,0,0,"Ziemi?ska K, Westoby M, Wright IJ. 2015. Broad Anatomical Variation within a Narrow Wood Density Range—A Study of Twig Wood across 69 Australian Angiosperms. PLoS ONE 10: e0124892"
145.449,-16.104,2012 May,Cape Tribulation,Syzygium graveolens,31.1,90.13802686,9597.053486,1029.75619,0.56949,898495.50,1276.1418,48.29599924,127.6671213,0.16292135,0.044943819,0.34269665,0.12921349,0.47191014,0.32022472,0.21910112,0.1011236,NA,NA,NA,NA,NA,NA,NA,0,0,"Ziemi?ska K, Westoby M, Wright IJ. 2015. Broad Anatomical Variation within a Narrow Wood Density Range—A Study of Twig Wood across 69 Australian Angiosperms. PLoS ONE 10: e0124892"
145.449,-16.104,2012 May,Cape Tribulation,Syzygium monospermum,13.2,83.6503048,3934.91526,6183.58969,0.60037,1717430.16,1552.5286,51.57285707,87.7283098,0.13620071,0.028673835,0.31899641,0.20430107,0.52329748,0.311827965,0.28315413,0.028673835,NA,NA,NA,NA,NA,NA,NA,0,0,"Ziemi?ska K, Westoby M, Wright IJ. 2015. Broad Anatomical Variation within a Narrow Wood Density Range—A Study of Twig Wood across 69 Australian Angiosperms. PLoS ONE 10: e0124892"
145.449,-16.104,2012 May,Cape Tribulation,Syzygium monospermum,9.8,105.5136263,7572.000112,5398.42212,0.62065,200276.53,1065.1829,45.46853705,195.1450403,0.20786516,0.016853932,0.30898876,0.15168539,0.46067415,0.314606748,0.28651686,0.028089888,NA,NA,NA,NA,NA,NA,NA,0,0,"Ziemi?ska K, Westoby M, Wright IJ. 2015. Broad Anatomical Variation within a Narrow Wood Density Range—A Study of Twig Wood across 69 Australian Angiosperms. PLoS ONE 10: e0124892"
145.449,-16.104,2012 May,Cape Tribulation,Syzygium monospermum,5.8,112.7168567,11130.91287,5017.35941,0.61494,1244070.69,658.5412272,35.43372118,160.4057508,0.1056338,0.042253523,0.37323944,0.19718309,0.57042253,0.281690147,0.24647888,0.035211267,NA,NA,NA,NA,NA,NA,NA,0,0,"Ziemi?ska K, Westoby M, Wright IJ. 2015. Broad Anatomical Variation within a Narrow Wood Density Range—A Study of Twig Wood across 69 Australian Angiosperms. PLoS ONE 10: e0124892"
145.449,-16.104,2012 May,Cape Tribulation,Syzygium sayeri,34.9,87.4261259,4211.692531,1379.56136,0.50393,347460.15,965.4979019,43.51959271,189.5462803,0.183006536,0.081699346,0.22875817,0.267973856,0.496732026,0.238562092,0.212418301,0.026143791,NA,NA,NA,NA,NA,NA,NA,0,0,"Ziemi?ska K, Westoby M, Wright IJ. 2015. Broad Anatomical Variation within a Narrow Wood Density Range—A Study of Twig Wood across 69 Australian Angiosperms. PLoS ONE 10: e0124892"
145.449,-16.104,2012 May,Cape Tribulation,Syzygium sayeri,32.6,87.65177797,3575.253391,3053.1507,0.44403,631145.96,2177.6045,60.74589597,101.3302783,0.22065727,0.056338029,0.28169014,0.22065727,0.50234741,0.220657273,0.15962441,0.061032863,NA,NA,NA,NA,NA,NA,NA,0,0,"Ziemi?ska K, Westoby M, Wright IJ. 2015. Broad Anatomical Variation within a Narrow Wood Density Range—A Study of Twig Wood across 69 Australian Angiosperms. PLoS ONE 10: e0124892"
145.449,-16.104,2012 May,Cape Tribulation,Syzygium sayeri,31.4,80.54087705,8266.919077,2355.4017,0.51788,400238.90,1554.188142,52.56984702,114.0242839,0.17721519,0.046413503,0.32911392,0.16877638,0.4978903,0.278481012,0.19831224,0.080168772,NA,NA,NA,NA,NA,NA,NA,0,0,"Ziemi?ska K, Westoby M, Wright IJ. 2015. Broad Anatomical Variation within a Narrow Wood Density Range—A Study of Twig Wood across 69 Australian Angiosperms. PLoS ONE 10: e0124892"
145.449,-16.104,2012 May,Cape Tribulation,Toechima erythrocarpum,16.8,93.83362896,4422.739708,2605.90998,0.56351,2636738.71,901.25415,41.58861975,127.803295,0.11518325,0.031413612,0.047120419,0.14659686,0.193717279,0.65968588,0.36125656,0.29842932,NA,NA,NA,NA,NA,NA,NA,0,0,"Ziemi?ska K, Westoby M, Wright IJ. 2015. Broad Anatomical Variation within a Narrow Wood Density Range—A Study of Twig Wood across 69 Australian Angiosperms. PLoS ONE 10: e0124892"
145.449,-16.104,2012 May,Cape Tribulation,Toechima erythrocarpum,14.9,101.2958677,10037.58847,3190.28868,0.54105,3156358.14,1284.018904,56.72536845,94.30838567,0.12109375,0.02734375,0.08984375,0.16015625,0.25,0.6015625,0.2890625,0.3125,NA,NA,NA,NA,NA,NA,NA,0,0,"Ziemi?ska K, Westoby M, Wright IJ. 2015. Broad Anatomical Variation within a Narrow Wood Density Range—A Study of Twig Wood across 69 Australian Angiosperms. PLoS ONE 10: e0124892"
145.449,-16.104,2012 May,Cape Tribulation,Toechima erythrocarpum,16.1,81.32569014,6242.542894,4947.961,0.60569,7926238.27,1379.584189,56.7998425,89.96440821,0.124113475,0.042553191,0.028368794,0.156028369,0.184397163,0.64893617,0.414893617,0.234042553,NA,NA,NA,NA,NA,NA,NA,0,0,"Ziemi?ska K, Westoby M, Wright IJ. 2015. Broad Anatomical Variation within a Narrow Wood Density Range—A Study of Twig Wood across 69 Australian Angiosperms. PLoS ONE 10: e0124892"
145.449,-16.104,2012 May,Cape Tribulation,Wrightia laevis,21.9,131.8972227,8006.576406,3475.59853,0.39627,1658760.92,1926.6958,55.76062331,119.6010185,0.23043478,0.060869565,0.14782609,0.2173913,0.36521739,0.34347826,0.12608696,0.2173913,NA,NA,NA,NA,NA,NA,NA,0,0,"Ziemi?ska K, Westoby M, Wright IJ. 2015. Broad Anatomical Variation within a Narrow Wood Density Range—A Study of Twig Wood across 69 Australian Angiosperms. PLoS ONE 10: e0124892"
145.449,-16.104,2012 May,Cape Tribulation,Wrightia laevis,19.2,155.373674,7905.041086,3352.89903,0.34085,456159.25,1596.9069,51.52204089,113.8564684,0.18181818,0.065656567,0.14141414,0.27272728,0.41414142,0.33838384,0.15151515,0.18686869,NA,NA,NA,NA,NA,NA,NA,0,0,"Ziemi?ska K, Westoby M, Wright IJ. 2015. Broad Anatomical Variation within a Narrow Wood Density Range—A Study of Twig Wood across 69 Australian Angiosperms. PLoS ONE 10: e0124892"
145.449,-16.104,2012 May,Cape Tribulation,Wrightia laevis,18.6,123.8736678,4175.662112,2710.88953,0.40762,1672898.09,1487.222246,50.28335088,108.5479796,0.16143497,0.044843049,0.14349775,0.25560537,0.39910312,0.39461883,0.17040359,0.22421524,NA,NA,NA,NA,NA,NA,NA,0,0,"Ziemi?ska K, Westoby M, Wright IJ. 2015. Broad Anatomical Variation within a Narrow Wood Density Range—A Study of Twig Wood across 69 Australian Angiosperms. PLoS ONE 10: e0124892"
148.350,-36.482,2012 Mar,Thredbo,Acacia dealbata,4.9,95.20037462,6221.811254,18824.24,0.50660,1088561.85,1823.6855,60.99064655,50.44729368,0.091999998,0.016,0.108,0.083999996,0.191999996,0.70000002,0.38400002,0.316,NA,NA,NA,NA,NA,NA,NA,0,0,"Ziemi?ska K, Westoby M, Wright IJ. 2015. Broad Anatomical Variation within a Narrow Wood Density Range—A Study of Twig Wood across 69 Australian Angiosperms. PLoS ONE 10: e0124892"
148.350,-36.482,2012 Mar,Thredbo,Acacia dealbata,4.4,89.36916412,3330.449022,6108.55,0.52037,1035783.10,1409.020136,53.399767,98.0904237,0.138211382,0.036585366,0.166666667,0.109756098,0.276422764,0.548780488,0.337398374,0.211382114,NA,NA,NA,NA,NA,NA,NA,0,0,"Ziemi?ska K, Westoby M, Wright IJ. 2015. Broad Anatomical Variation within a Narrow Wood Density Range—A Study of Twig Wood across 69 Australian Angiosperms. PLoS ONE 10: e0124892"
148.350,-36.482,2012 Mar,Thredbo,Acacia dealbata,3.7,110.3217072,6402.756564,8460.27,0.57250,1775471.09,1298.319875,53.22894982,89.30158985,0.115942029,0.048309179,0.207729469,0.057971014,0.265700483,0.570048309,0.400966184,0.169082126,NA,NA,NA,NA,NA,NA,NA,0,0,"Ziemi?ska K, Westoby M, Wright IJ. 2015. Broad Anatomical Variation within a Narrow Wood Density Range—A Study of Twig Wood across 69 Australian Angiosperms. PLoS ONE 10: e0124892"
148.350,-36.482,2012 Mar,Thredbo,Acacia melanoxylon,2.5,59.05883512,5054.060835,8371.16,0.51007,742201.26,1304.120318,55.84298088,93.05830272,0.121359223,0.024271845,0.174757282,0.048543689,0.223300971,0.631067961,0.422330097,0.208737864,NA,NA,NA,NA,NA,NA,NA,0,0,"Ziemi?ska K, Westoby M, Wright IJ. 2015. Broad Anatomical Variation within a Narrow Wood Density Range—A Study of Twig Wood across 69 Australian Angiosperms. PLoS ONE 10: e0124892"
148.350,-36.482,2012 Mar,Thredbo,Acacia melanoxylon,3.6,63.21430165,1771.521304,13887.85,0.50865,624862.78,1276.550308,51.72426507,28.83538214,0.036809816,0.012269939,0.196319018,0.09202454,0.288343558,0.662576687,0.374233129,0.288343558,NA,NA,NA,NA,NA,NA,NA,0,0,"Ziemi?ska K, Westoby M, Wright IJ. 2015. Broad Anatomical Variation within a Narrow Wood Density Range—A Study of Twig Wood across 69 Australian Angiosperms. PLoS ONE 10: e0124892"
148.350,-36.482,2012 Mar,Thredbo,Acacia melanoxylon,3.2,62.73366976,4081.262488,10959.27,0.50748,257610.60,1163.167608,47.85401665,40.45747422,0.047058824,0.029411765,0.182352941,0.088235294,0.270588235,0.652941176,0.370588235,0.282352941,NA,NA,NA,NA,NA,NA,NA,0,0,"Ziemi?ska K, Westoby M, Wright IJ. 2015. Broad Anatomical Variation within a Narrow Wood Density Range—A Study of Twig Wood across 69 Australian Angiosperms. PLoS ONE 10: e0124892"
148.350,-36.482,2012 Mar,Thredbo,Acacia obliquinervia,4.2,67.48510547,4344.537384,16731.65,0.50607,782884.89,1774.3685,56.8138573,27.52708245,0.048843188,0.015424165,0.092544985,0.048843188,0.141388173,0.79434445,0.44730076,0.34704369,NA,NA,NA,NA,NA,NA,NA,0,0,"Ziemi?ska K, Westoby M, Wright IJ. 2015. Broad Anatomical Variation within a Narrow Wood Density Range—A Study of Twig Wood across 69 Australian Angiosperms. PLoS ONE 10: e0124892"
148.350,-36.482,2012 Mar,Thredbo,Acacia obliquinervia,3.9,50.62902553,4131.222954,5020.35,0.60533,432126.07,975.9985743,45.93105598,72.57524263,0.070833333,0.025,0.145833333,0.070833333,0.216666667,0.6875,0.5,0.1875,NA,NA,NA,NA,NA,NA,NA,0,0,"Ziemi?ska K, Westoby M, Wright IJ. 2015. Broad Anatomical Variation within a Narrow Wood Density Range—A Study of Twig Wood across 69 Australian Angiosperms. PLoS ONE 10: e0124892"
148.350,-36.482,2012 Mar,Thredbo,Acacia obliquinervia,5,52.58959201,3302.955787,3482.68,0.57565,496764.34,1155.542608,51.40282011,76.47670661,0.088372093,0.023255814,0.088372093,0.060465116,0.148837209,0.739534884,0.544186047,0.195348837,NA,NA,NA,NA,NA,NA,NA,0,0,"Ziemi?ska K, Westoby M, Wright IJ. 2015. Broad Anatomical Variation within a Narrow Wood Density Range—A Study of Twig Wood across 69 Australian Angiosperms. PLoS ONE 10: e0124892"
148.350,-36.482,2012 Mar,Thredbo,Coprosma hirtella,1.5,63.74668374,1623.569445,7794.42,0.55395,263108.38,422.03888,28.49175723,273.0230387,0.115226337,0.074074074,0.176954733,0.263374486,0.440329218,0.341563786,0.283950617,0.057613169,NA,NA,NA,NA,NA,NA,NA,0.028806584,0,"Ziemi?ska K, Westoby M, Wright IJ. 2015. Broad Anatomical Variation within a Narrow Wood Density Range—A Study of Twig Wood across 69 Australian Angiosperms. PLoS ONE 10: e0124892"
148.350,-36.482,2012 Mar,Thredbo,Coprosma hirtella,1.4,73.92340302,1271.575326,7301.54,0.59017,289419.22,417.75793,27.44610577,147.9271788,0.061797752,0.044943819,0.14606742,0.26404495,0.41011237,0.4719101,0.4213483,0.0505618,NA,NA,NA,NA,NA,NA,NA,0.011235955,0,"Ziemi?ska K, Westoby M, Wright IJ. 2015. Broad Anatomical Variation within a Narrow Wood Density Range—A Study of Twig Wood across 69 Australian Angiosperms. PLoS ONE 10: e0124892"
148.350,-36.482,2012 Mar,Thredbo,Coprosma hirtella,1.4,82.51343467,2025.244773,11887.8,0.65827,999026.46,282.89563,21.67192281,167.5295055,0.047393365,0.033175356,0.099526062,0.21327015,0.312796212,0.56398105,0.45023697,0.11374408,NA,NA,NA,NA,NA,NA,NA,0.042654028,0,"Ziemi?ska K, Westoby M, Wright IJ. 2015. Broad Anatomical Variation within a Narrow Wood Density Range—A Study of Twig Wood across 69 Australian Angiosperms. PLoS ONE 10: e0124892"
148.350,-36.482,2012 Mar,Thredbo,Eucalyptus pauciflora,6.9,38.08192386,3295.98381,5004.83,0.59913,389478.95,1546.154041,50.89907058,48.43622683,0.074889868,0.030837004,0.039647577,0.162995595,0.202643172,0.665198238,0.488986784,0.176211454,NA,NA,NA,NA,NA,NA,NA,0.026431718,0,"Ziemi?ska K, Westoby M, Wright IJ. 2015. Broad Anatomical Variation within a Narrow Wood Density Range—A Study of Twig Wood across 69 Australian Angiosperms. PLoS ONE 10: e0124892"
148.350,-36.482,2012 Mar,Thredbo,Eucalyptus pauciflora,6.9,34.59788895,2169.687655,6831.54,0.63156,872970.06,1448.116188,51.81574551,46.03682165,0.066666667,0.014285714,0.042857143,0.114285714,0.157142857,0.695238095,0.476190476,0.219047619,NA,NA,NA,NA,NA,NA,NA,0.066666667,0,"Ziemi?ska K, Westoby M, Wright IJ. 2015. Broad Anatomical Variation within a Narrow Wood Density Range—A Study of Twig Wood across 69 Australian Angiosperms. PLoS ONE 10: e0124892"
148.350,-36.482,2012 Mar,Thredbo,Eucalyptus pauciflora,9.5,31.95676074,2645.281209,12054.3,0.59521,1056124.91,1466.2257,53.83783076,84.92118233,0.12451362,0.031128404,0.081712065,0.11673152,0.198443585,0.63035021,0.42412453,0.20622568,NA,NA,NA,NA,NA,NA,NA,0.015564202,0,"Ziemi?ska K, Westoby M, Wright IJ. 2015. Broad Anatomical Variation within a Narrow Wood Density Range—A Study of Twig Wood across 69 Australian Angiosperms. PLoS ONE 10: e0124892"
148.350,-36.482,2012 Mar,Thredbo,Eucalyptus sp.,28,62.29560958,3708.544635,3762.86,0.58940,511294.20,1554.4302,56.95359442,116.6257192,0.18128654,0.040935674,0.093567247,0.093567247,0.187134494,0.502924,0.38596493,0.11695907,NA,NA,NA,NA,NA,NA,NA,0.087719297,0,"Ziemi?ska K, Westoby M, Wright IJ. 2015. Broad Anatomical Variation within a Narrow Wood Density Range—A Study of Twig Wood across 69 Australian Angiosperms. PLoS ONE 10: e0124892"
148.350,-36.482,2012 Mar,Thredbo,Eucalyptus sp.,15,49.21931793,5993.994595,2581.4,0.63773,202318.57,1356.3423,55.05238889,123.5659833,0.16759777,0.033519554,0.050279331,0.12849162,0.178770951,0.55307263,0.44692738,0.10614525,NA,NA,NA,NA,NA,NA,NA,0.067039108,0,"Ziemi?ska K, Westoby M, Wright IJ. 2015. Broad Anatomical Variation within a Narrow Wood Density Range—A Study of Twig Wood across 69 Australian Angiosperms. PLoS ONE 10: e0124892"
148.350,-36.482,2012 Mar,Thredbo,Eucalyptus sp.,23,72.53410645,6535.073559,2803.26,0.59436,416575.19,1435.7684,53.39723973,52.49933276,0.075376883,0.020100503,0.075376883,0.18592964,0.261306523,0.608040202,0.52261307,0.085427132,NA,NA,NA,NA,NA,NA,NA,0.035175879,0,"Ziemi?ska K, Westoby M, Wright IJ. 2015. Broad Anatomical Variation within a Narrow Wood Density Range—A Study of Twig Wood across 69 Australian Angiosperms. PLoS ONE 10: e0124892"
148.350,-36.482,2012 Mar,Thredbo,Exocarpos strictus,1.3,30.99056034,2501.561227,3652.9,0.59390,532185.80,504.99164,30.50973827,312.1985498,0.157657658,0.040540541,0.09009009,0.252252252,0.342342342,0.382882883,0.297297297,0.085585586,NA,NA,NA,NA,NA,NA,NA,0.076576577,0,"Ziemi?ska K, Westoby M, Wright IJ. 2015. Broad Anatomical Variation within a Narrow Wood Density Range—A Study of Twig Wood across 69 Australian Angiosperms. PLoS ONE 10: e0124892"
148.350,-36.482,2012 Mar,Thredbo,Exocarpos strictus,1.2,28.70237653,3163.72562,8397.92,0.63480,125663.71,436.37061,28.9075414,264.4188618,0.11538462,0.0625,0.081730766,0.29807692,0.379807686,0.432692317,0.3798077,0.052884617,NA,NA,NA,NA,NA,NA,NA,0.009615384,0,"Ziemi?ska K, Westoby M, Wright IJ. 2015. Broad Anatomical Variation within a Narrow Wood Density Range—A Study of Twig Wood across 69 Australian Angiosperms. PLoS ONE 10: e0124892"
148.350,-36.482,2012 Mar,Thredbo,Exocarpos strictus,1,35.18282271,2108.009855,6076.84,0.58282,411862.80,470.35977,28.37748109,150.4268084,0.070754719,0.023584905,0.17924528,0.16509434,0.34433962,0.54716982,0.39622643,0.15094339,NA,NA,NA,NA,NA,NA,NA,0.014150944,0,"Ziemi?ska K, Westoby M, Wright IJ. 2015. Broad Anatomical Variation within a Narrow Wood Density Range—A Study of Twig Wood across 69 Australian Angiosperms. PLoS ONE 10: e0124892"
148.350,-36.482,2012 Mar,Thredbo,Hakea lissosperma,2.2,21.76593996,1152.37627,13175.53,0.55237,1109374.91,254.0127148,21.87207255,430.8947148,0.109452736,0.059701493,0.084577114,0.2039801,0.288557214,0.452736318,0.378109453,0.074626866,NA,NA,NA,NA,NA,NA,NA,0.089552239,0,"Ziemi?ska K, Westoby M, Wright IJ. 2015. Broad Anatomical Variation within a Narrow Wood Density Range—A Study of Twig Wood across 69 Australian Angiosperms. PLoS ONE 10: e0124892"
148.350,-36.482,2012 Mar,Thredbo,Hakea lissosperma,1.8,20.30524441,1085.396264,4198.31,0.52875,964861.64,285.81625,23.39088045,482.586382,0.13793103,0.068965516,0.10837439,0.25615763,0.36453202,0.354679795,0.28078817,0.073891625,NA,NA,NA,NA,NA,NA,NA,0.073891625,0,"Ziemi?ska K, Westoby M, Wright IJ. 2015. Broad Anatomical Variation within a Narrow Wood Density Range—A Study of Twig Wood across 69 Australian Angiosperms. PLoS ONE 10: e0124892"
148.350,-36.482,2012 Mar,Thredbo,Hakea lissosperma,1.9,19.2440678,748.5243814,7503.58,0.53739,1605039.69,236.3841572,21.06554101,399.3736109,0.094405594,0.06993007,0.083916084,0.167832168,0.251748252,0.475524476,0.388111888,0.087412587,NA,NA,NA,NA,NA,NA,NA,0.108391608,0,"Ziemi?ska K, Westoby M, Wright IJ. 2015. Broad Anatomical Variation within a Narrow Wood Density Range—A Study of Twig Wood across 69 Australian Angiosperms. PLoS ONE 10: e0124892"
148.350,-36.482,2012 Mar,Thredbo,Hakea microcarpa,1.4,20.43731563,821.9623781,6557.98,0.63012,41547.56,204.69226,17.1254466,389.2735221,0.079681277,0.035856574,0.071713147,0.36653385,0.438246997,0.310756969,0.27091633,0.039840639,NA,NA,NA,NA,NA,NA,NA,0.13545816,0,"Ziemi?ska K, Westoby M, Wright IJ. 2015. Broad Anatomical Variation within a Narrow Wood Density Range—A Study of Twig Wood across 69 Australian Angiosperms. PLoS ONE 10: e0124892"
148.350,-36.482,2012 Mar,Thredbo,Hakea microcarpa,1.8,17.51741377,534.0591428,7036.62,0.59985,180955.74,215.6876737,19.0110689,347.725017,0.075,0.0375,0.095833333,0.3,0.395833333,0.429166667,0.354166667,0.075,NA,NA,NA,NA,NA,NA,NA,0.0625,0,"Ziemi?ska K, Westoby M, Wright IJ. 2015. Broad Anatomical Variation within a Narrow Wood Density Range—A Study of Twig Wood across 69 Australian Angiosperms. PLoS ONE 10: e0124892"
148.350,-36.482,2012 Mar,Thredbo,Hakea microcarpa,1.9,19.04471117,1159.219924,7602.83,0.59303,261694.67,239.57574,20.65783907,379.4586631,0.09090909,0.050505052,0.12121212,0.28787878,0.4090909,0.318181828,0.27777779,0.040404038,NA,NA,NA,NA,NA,NA,NA,0.13131313,0,"Ziemi?ska K, Westoby M, Wright IJ. 2015. Broad Anatomical Variation within a Narrow Wood Density Range—A Study of Twig Wood across 69 Australian Angiosperms. PLoS ONE 10: e0124892"
148.350,-36.482,2012 Mar,Thredbo,Leionema phylicifolium,0.8,108.4337349,2090.481069,5814.69,0.58952,569727.83,265.84164,20.65575404,362.7975851,0.096446705,0.081218271,0.055837564,0.15736041,0.213197974,0.40101523,0.25380711,0.14720812,NA,NA,NA,NA,NA,NA,NA,0.20812183,0,"Ziemi?ska K, Westoby M, Wright IJ. 2015. Broad Anatomical Variation within a Narrow Wood Density Range—A Study of Twig Wood across 69 Australian Angiosperms. PLoS ONE 10: e0124892"
148.350,-36.482,2012 Mar,Thredbo,Leionema phylicifolium,1.5,80.40318537,1566.402809,8468.55,0.60517,31415.93,312.1828,22.99099491,361.8735923,0.112970711,0.075313808,0.050209205,0.167364017,0.217573222,0.493723849,0.393305439,0.10041841,NA,NA,NA,NA,NA,NA,NA,0.10041841,0,"Ziemi?ska K, Westoby M, Wright IJ. 2015. Broad Anatomical Variation within a Narrow Wood Density Range—A Study of Twig Wood across 69 Australian Angiosperms. PLoS ONE 10: e0124892"
148.350,-36.482,2012 Mar,Thredbo,Leionema phylicifolium,1.5,90.60279545,2324.602232,14279.36,0.63328,349737.80,363.79874,24.43473778,320.5565803,0.11661808,0.046647229,0.04373178,0.13994169,0.18367347,0.55102039,0.4052478,0.14577259,NA,NA,NA,NA,NA,NA,NA,0.10204082,0,"Ziemi?ska K, Westoby M, Wright IJ. 2015. Broad Anatomical Variation within a Narrow Wood Density Range—A Study of Twig Wood across 69 Australian Angiosperms. PLoS ONE 10: e0124892"
148.350,-36.482,2012 Mar,Thredbo,Lomatia myricoides,2.3,61.00551227,2007.316718,3538.31,0.55785,560617.21,461.08508,31.61776531,386.5183189,0.17821783,0.039603961,0.034653466,0.19306931,0.227722776,0.495049501,0.41089108,0.084158421,NA,NA,NA,NA,NA,NA,NA,0.059405942,0,"Ziemi?ska K, Westoby M, Wright IJ. 2015. Broad Anatomical Variation within a Narrow Wood Density Range—A Study of Twig Wood across 69 Australian Angiosperms. PLoS ONE 10: e0124892"
148.350,-36.482,2012 Mar,Thredbo,Lomatia myricoides,2.5,66.4685105,4050.563316,2859.21,0.53860,608840.66,579.9321836,33.738894,265.2830076,0.153846154,0.048582996,0.093117409,0.226720648,0.319838057,0.437246964,0.340080972,0.097165992,NA,NA,NA,NA,NA,NA,NA,0.04048583,0,"Ziemi?ska K, Westoby M, Wright IJ. 2015. Broad Anatomical Variation within a Narrow Wood Density Range—A Study of Twig Wood across 69 Australian Angiosperms. PLoS ONE 10: e0124892"
148.350,-36.482,2012 Mar,Thredbo,Lomatia myricoides,2.8,69.71150863,3873.455162,7857.13,0.58962,1238415.82,468.22665,29.20094321,236.0530098,0.11052631,0.021052632,0.078947368,0.24210526,0.321052628,0.536842088,0.48421051,0.052631578,NA,NA,NA,NA,NA,NA,NA,0.010526316,0,"Ziemi?ska K, Westoby M, Wright IJ. 2015. Broad Anatomical Variation within a Narrow Wood Density Range—A Study of Twig Wood across 69 Australian Angiosperms. PLoS ONE 10: e0124892"
148.350,-36.482,2012 Mar,Thredbo,Olearia megalophylla,1,45.75173629,1618.519654,15928.75,0.63762,1911344.97,298.03287,23.68347799,220.2997508,0.065656567,0.035353534,0.15151515,0.040404038,0.191919188,0.56565657,0.37878788,0.18686869,NA,NA,NA,NA,NA,NA,NA,0.14141414,0,"Ziemi?ska K, Westoby M, Wright IJ. 2015. Broad Anatomical Variation within a Narrow Wood Density Range—A Study of Twig Wood across 69 Australian Angiosperms. PLoS ONE 10: e0124892"
148.350,-36.482,2012 Mar,Thredbo,Olearia megalophylla,1.2,48.28195096,1653.249041,12901.32,0.65554,1072304.11,279.23087,24.0541295,411.1824026,0.11481482,0.05185185,0.12592592,0.074074073,0.199999993,0.52592593,0.38148148,0.14444445,NA,NA,NA,NA,NA,NA,NA,0.10740741,0,"Ziemi?ska K, Westoby M, Wright IJ. 2015. Broad Anatomical Variation within a Narrow Wood Density Range—A Study of Twig Wood across 69 Australian Angiosperms. PLoS ONE 10: e0124892"
148.350,-36.482,2012 Mar,Thredbo,Olearia megalophylla,1.3,47.51864235,2188.835923,6504.49,0.55951,986931.33,239.6305922,21.39578805,346.1549212,0.082949309,0.073732719,0.170506912,0.069124424,0.239631336,0.391705069,0.285714286,0.105990783,NA,NA,NA,NA,NA,NA,NA,0.211981567,0,"Ziemi?ska K, Westoby M, Wright IJ. 2015. Broad Anatomical Variation within a Narrow Wood Density Range—A Study of Twig Wood across 69 Australian Angiosperms. PLoS ONE 10: e0124892"
148.350,-36.482,2012 Mar,Thredbo,Olearia phlogopappa,1.6,96.08685102,2121.929982,6805.17,0.60359,2252129.23,264.44489,21.26921625,184.8736347,0.048888888,0.04,0.057777777,0.16444445,0.222222227,0.59555556,0.39111111,0.20444445,NA,NA,NA,NA,NA,NA,NA,0.09333333,0,"Ziemi?ska K, Westoby M, Wright IJ. 2015. Broad Anatomical Variation within a Narrow Wood Density Range—A Study of Twig Wood across 69 Australian Angiosperms. PLoS ONE 10: e0124892"
148.350,-36.482,2012 Mar,Thredbo,Olearia phlogopappa,1.4,100.1469393,1975.362943,8425.26,0.62014,1502152.53,339.35965,25.40641609,208.6177924,0.070796461,0.030973451,0.035398231,0.13716814,0.172566371,0.65929205,0.52654869,0.13274336,NA,NA,NA,NA,NA,NA,NA,0.066371679,0,"Ziemi?ska K, Westoby M, Wright IJ. 2015. Broad Anatomical Variation within a Narrow Wood Density Range—A Study of Twig Wood across 69 Australian Angiosperms. PLoS ONE 10: e0124892"
148.350,-36.482,2012 Mar,Thredbo,Olearia phlogopappa,1.3,115.854792,2973.947567,7188.5,0.63027,528101.73,300.01581,23.91204642,190.048464,0.057017544,0.01754386,0.100877193,0.153508772,0.254385965,0.539473684,0.451754386,0.087719298,NA,NA,NA,NA,NA,NA,NA,0.131578947,0,"Ziemi?ska K, Westoby M, Wright IJ. 2015. Broad Anatomical Variation within a Narrow Wood Density Range—A Study of Twig Wood across 69 Australian Angiosperms. PLoS ONE 10: e0124892"
148.350,-36.482,2012 Mar,Thredbo,Ozothamnus secundiflorus,2,88.16571705,677.2854954,7132.38,0.57372,1134743.27,360.56223,25.87708524,175.0233073,0.063106794,0.038834951,0.067961164,0.13592233,0.203883494,0.66019419,0.45631069,0.2038835,NA,NA,NA,NA,NA,NA,NA,0.033980582,0,"Ziemi?ska K, Westoby M, Wright IJ. 2015. Broad Anatomical Variation within a Narrow Wood Density Range—A Study of Twig Wood across 69 Australian Angiosperms. PLoS ONE 10: e0124892"
148.350,-36.482,2012 Mar,Thredbo,Ozothamnus secundiflorus,1.7,109.9998641,2165.912649,404.87,0.55716,1572367.12,337.65622,25.21411113,249.1058746,0.084112148,0.03271028,0.093457947,0.21962616,0.313084107,0.48130842,0.3504673,0.13084112,NA,NA,NA,NA,NA,NA,NA,0.088785048,0,"Ziemi?ska K, Westoby M, Wright IJ. 2015. Broad Anatomical Variation within a Narrow Wood Density Range—A Study of Twig Wood across 69 Australian Angiosperms. PLoS ONE 10: e0124892"
148.350,-36.482,2012 Mar,Thredbo,Ozothamnus secundiflorus,1.6,96.22497297,3138.787493,600.11,0.58469,2155917.96,309.72672,23.34882837,375.0454917,0.11616161,0.035353534,0.18181818,0.12121212,0.3030303,0.50505048,0.34343433,0.16161615,NA,NA,NA,NA,NA,NA,NA,0.040404038,0,"Ziemi?ska K, Westoby M, Wright IJ. 2015. Broad Anatomical Variation within a Narrow Wood Density Range—A Study of Twig Wood across 69 Australian Angiosperms. PLoS ONE 10: e0124892"
148.350,-36.482,2012 Mar,Thredbo,Persoonia subvelutina,2,73.93499898,1903.700744,13693.46,0.52073,1047249.91,599.62677,33.32344122,281.5604447,0.16883118,0.03030303,0.14285714,0.038961039,0.181818179,0.60173159,0.40259739,0.1991342,NA,NA,NA,NA,NA,NA,NA,0.017316017,0,"Ziemi?ska K, Westoby M, Wright IJ. 2015. Broad Anatomical Variation within a Narrow Wood Density Range—A Study of Twig Wood across 69 Australian Angiosperms. PLoS ONE 10: e0124892"
148.350,-36.482,2012 Mar,Thredbo,Persoonia subvelutina,2,68.16687955,2303.116064,6649.45,0.56377,1046778.67,454.24008,28.84897816,390.4100669,0.1773399,0.093596058,0.083743839,0.10344828,0.187192119,0.487684727,0.38916256,0.098522167,NA,NA,NA,NA,NA,NA,NA,0.054187193,0,"Ziemi?ska K, Westoby M, Wright IJ. 2015. Broad Anatomical Variation within a Narrow Wood Density Range—A Study of Twig Wood across 69 Australian Angiosperms. PLoS ONE 10: e0124892"
148.350,-36.482,2012 Mar,Thredbo,Persoonia subvelutina,2.2,73.19225804,2464.654819,9315.59,0.55995,1472621.56,457.54303,29.71575587,410.263731,0.187713311,0.085324232,0.078498294,0.146757679,0.225255973,0.457337884,0.354948805,0.102389078,NA,NA,NA,NA,NA,NA,NA,0.044368601,0,"Ziemi?ska K, Westoby M, Wright IJ. 2015. Broad Anatomical Variation within a Narrow Wood Density Range—A Study of Twig Wood across 69 Australian Angiosperms. PLoS ONE 10: e0124892"
148.350,-36.482,2012 Mar,Thredbo,Pimelea linifolia,1.4,150.5676346,1969.424803,3645.58,0.50193,0.00,307.15976,22.9571513,436.0225441,0.13392858,0.066964288,0.026785715,0.14285714,0.169642855,0.49553573,0.35714287,0.13839286,NA,NA,NA,NA,NA,NA,NA,0.13392858,0,"Ziemi?ska K, Westoby M, Wright IJ. 2015. Broad Anatomical Variation within a Narrow Wood Density Range—A Study of Twig Wood across 69 Australian Angiosperms. PLoS ONE 10: e0124892"
148.350,-36.482,2012 Mar,Thredbo,Pimelea linifolia,1.7,137.9939345,2029.331538,11826.34,0.48607,0.00,240.95079,19.49073294,541.3336998,0.130434783,0.049689441,0.068322981,0.105590062,0.173913043,0.453416149,0.260869565,0.192546584,NA,NA,NA,NA,NA,NA,NA,0.192546584,0,"Ziemi?ska K, Westoby M, Wright IJ. 2015. Broad Anatomical Variation within a Narrow Wood Density Range—A Study of Twig Wood across 69 Australian Angiosperms. PLoS ONE 10: e0124892"
148.350,-36.482,2012 Mar,Thredbo,Pimelea linifolia,2.2,124.4224799,1106.328398,NA,0.50544,0.00,214.92836,17.37909776,569.7199755,0.12244898,0.071428571,0.051020408,0.11734694,0.168367348,0.51020409,0.34183674,0.16836735,NA,NA,NA,NA,NA,NA,NA,0.12755102,0,"Ziemi?ska K, Westoby M, Wright IJ. 2015. Broad Anatomical Variation within a Narrow Wood Density Range—A Study of Twig Wood across 69 Australian Angiosperms. PLoS ONE 10: e0124892"
148.350,-36.482,2012 Mar,Thredbo,Polyscias sambucifolia ,2.4,72.75084844,3959.368729,7667.86,0.54607,2760988.70,249.24121,26.19489853,883.6343316,0.22023809,0.13095238,0.041666665,0.19047619,0.232142855,0.339285721,0.26785715,0.071428571,NA,NA,NA,NA,NA,NA,NA,0.077380953,0,"Ziemi?ska K, Westoby M, Wright IJ. 2015. Broad Anatomical Variation within a Narrow Wood Density Range—A Study of Twig Wood across 69 Australian Angiosperms. PLoS ONE 10: e0124892"
148.350,-36.482,2012 Mar,Thredbo,Polyscias sambucifolia ,2.8,80.90091173,4270.457066,6452.27,0.55307,2688103.75,369.5249,20.72279548,664.9464759,0.24571428,0.051428571,0.017142857,0.24571428,0.262857137,0.428571412,0.3542857,0.074285712,NA,NA,NA,NA,NA,NA,NA,0.011428572,0,"Ziemi?ska K, Westoby M, Wright IJ. 2015. Broad Anatomical Variation within a Narrow Wood Density Range—A Study of Twig Wood across 69 Australian Angiosperms. PLoS ONE 10: e0124892"
148.350,-36.482,2012 Mar,Thredbo,Polyscias sambucifolia ,2.9,76.25746945,4959.924732,7939.28,0.55399,1935849.39,257.60223,21.2153098,643.5324337,0.16577539,0.085561495,0.032085562,0.22994652,0.262032082,0.438502665,0.35294117,0.085561495,NA,NA,NA,NA,NA,NA,NA,0.048128343,0,"Ziemi?ska K, Westoby M, Wright IJ. 2015. Broad Anatomical Variation within a Narrow Wood Density Range—A Study of Twig Wood across 69 Australian Angiosperms. PLoS ONE 10: e0124892"
147.040,-42.390,2009 Mar,Bothwell,Acacia dealbata,NA,NA,NA,NA,0.69615,NA,NA,NA,NA,NA,NA,NA,NA,NA,NA,NA,NA,NA,NA,NA,NA,NA,NA,NA,NA,NA,unpublished
147.040,-42.390,2009 Mar,Bothwell,Acacia dealbata,NA,NA,NA,NA,0.65000,NA,NA,NA,NA,NA,NA,NA,NA,NA,NA,NA,NA,NA,NA,NA,NA,NA,NA,NA,NA,NA,unpublished
147.040,-42.390,2009 Mar,Bothwell,Acacia dealbata,NA,NA,NA,NA,0.65493,NA,NA,NA,NA,NA,NA,NA,NA,NA,NA,NA,NA,NA,NA,NA,NA,NA,NA,NA,NA,NA,unpublished
147.040,-42.390,2009 Mar,Bothwell,Aotus ericoides,NA,NA,NA,NA,0.85929,NA,NA,NA,NA,NA,NA,NA,NA,NA,NA,NA,NA,NA,NA,NA,NA,NA,NA,NA,NA,NA,unpublished
147.040,-42.390,2009 Mar,Bothwell,Aotus ericoides,NA,NA,NA,NA,0.76533,NA,NA,NA,NA,NA,NA,NA,NA,NA,NA,NA,NA,NA,NA,NA,NA,NA,NA,NA,NA,NA,unpublished
147.040,-42.390,2009 Mar,Bothwell,Aotus ericoides,NA,NA,NA,NA,0.85096,NA,NA,NA,NA,NA,NA,NA,NA,NA,NA,NA,NA,NA,NA,NA,NA,NA,NA,NA,NA,NA,unpublished
147.040,-42.390,2009 Mar,Bothwell,Banksia marginata,NA,NA,NA,NA,0.67830,NA,NA,NA,NA,NA,NA,NA,NA,NA,NA,NA,NA,NA,NA,NA,NA,NA,NA,NA,NA,NA,unpublished
147.040,-42.390,2009 Mar,Bothwell,Banksia marginata,NA,NA,NA,NA,0.55280,NA,NA,NA,NA,NA,NA,NA,NA,NA,NA,NA,NA,NA,NA,NA,NA,NA,NA,NA,NA,NA,unpublished
147.040,-42.390,2009 Mar,Bothwell,Banksia marginata,NA,NA,NA,NA,0.56106,NA,NA,NA,NA,NA,NA,NA,NA,NA,NA,NA,NA,NA,NA,NA,NA,NA,NA,NA,NA,NA,unpublished
147.040,-42.390,2009 Mar,Bothwell,Bossiaea cinerea,NA,NA,NA,NA,0.86155,431143.13,481.50903,47.46614491,198.3895051,0.095526336,0.034279301,0.087318042,0.15250236,0.239820402,0.63037396,0.624201484,0.006172476,90.108101,0.85064018,90.95874,144.7052725,0.990208231,0.009791769,0,NA,NA,"Ziemi?ska K, Butler DW, Gleason SM, Wright IJ, Westoby M. 2013. Fibre wall and lumen fractions drive wood density variation across 24 Australian angiosperms. AoB PLANTS 5."
147.040,-42.390,2009 Mar,Bothwell,Bossiaea cinerea,NA,NA,NA,NA,0.83522,431341.044,573.9758816,51.99764522,203.5402471,0.116827189,0.035364297,0.111519099,0.211793386,0.323312486,0.524496028,0.519303256,0.005192772,84.005356,0.79934466,84.805321,209.3048957,0.990099501,0.009900499,0,NA,NA,"Ziemi?ska K, Butler DW, Gleason SM, Wright IJ, Westoby M. 2013. Fibre wall and lumen fractions drive wood density variation across 24 Australian angiosperms. AoB PLANTS 5."
147.040,-42.390,2009 Mar,Bothwell,Bossiaea cinerea,NA,NA,NA,NA,0.78490,491311.029,440.6168329,46.44878435,203.7599798,0.08978008,0.03302742,0.128748741,0.165887754,0.294636495,0.582556005,0.578295129,0.004260875,94.614578,0.70194149,95.31691,223.598776,0.992685896,0.007314104,0,NA,NA,"Ziemi?ska K, Butler DW, Gleason SM, Wright IJ, Westoby M. 2013. Fibre wall and lumen fractions drive wood density variation across 24 Australian angiosperms. AoB PLANTS 5."
147.040,-42.390,2009 Mar,Bothwell,Daviesia latifolia,NA,NA,NA,NA,0.70457,1336290.4,203.24115,32.99305287,768.7027965,0.156232033,0.1007406,0.089044054,0.164182568,0.253226622,0.412528776,0.369709823,0.042818953,108.23039,15.863875,124.09427,17.43601905,0.896203719,0.103796281,0.077271969,NA,NA,"Ziemi?ska K, Butler DW, Gleason SM, Wright IJ, Westoby M. 2013. Fibre wall and lumen fractions drive wood density variation across 24 Australian angiosperms. AoB PLANTS 5."
147.040,-42.390,2009 Mar,Bothwell,Daviesia latifolia,NA,NA,NA,NA,0.65655,991469.38,123.9601936,28.58871958,1591.061818,0.19722834,0.140773109,0.092190834,0.247129164,0.339319999,0.231481827,0.222929293,0.008552534,86.585236,3.6381462,90.223679,58.95782401,0.963053107,0.036946893,0.091196725,NA,NA,"Ziemi?ska K, Butler DW, Gleason SM, Wright IJ, Westoby M. 2013. Fibre wall and lumen fractions drive wood density variation across 24 Australian angiosperms. AoB PLANTS 5."
147.040,-42.390,2009 Mar,Bothwell,Daviesia latifolia,NA,NA,NA,NA,0.59973,2067127.1,138.28963,28.63480235,1067.570905,0.14763398,0.11023927,0.127417737,0.230362911,0.357780647,0.33853427,0.291316029,0.047218241,103.41109,17.959158,121.37057,8.360757952,0.860521534,0.139478466,0.045811833,NA,NA,"Ziemi?ska K, Butler DW, Gleason SM, Wright IJ, Westoby M. 2013. Fibre wall and lumen fractions drive wood density variation across 24 Australian angiosperms. AoB PLANTS 5."
147.040,-42.390,2009 Mar,Bothwell,Epacris impressa,NA,NA,NA,NA,0.65303,444221.72,167.80493,26.91636958,897.6400495,0.150628424,0.07793549,0.237658181,0.187752494,0.425410675,0.346025411,0.282289746,0.063735665,92.257896,21.322985,113.57789,5.306277924,0.815806404,0.184193596,0,NA,NA,"Ziemi?ska K, Butler DW, Gleason SM, Wright IJ, Westoby M. 2013. Fibre wall and lumen fractions drive wood density variation across 24 Australian angiosperms. AoB PLANTS 5."
147.040,-42.390,2009 Mar,Bothwell,Epacris impressa,NA,NA,NA,NA,0.71929,261645.98,113.4772895,23.23956409,920.8055473,0.104490517,0.059254746,0.131634871,0.200704778,0.332339649,0.503915089,0.441589702,0.062325387,97.112137,14.867743,111.98035,9.687722967,0.876317681,0.123682319,0,NA,NA,"Ziemi?ska K, Butler DW, Gleason SM, Wright IJ, Westoby M. 2013. Fibre wall and lumen fractions drive wood density variation across 24 Australian angiosperms. AoB PLANTS 5."
147.040,-42.390,2009 Mar,Bothwell,Epacris impressa,NA,NA,NA,NA,0.72745,413170.22,147.6025094,26.37786704,797.2346219,0.117673829,0.058045908,0.110606516,0.201564198,0.312170714,0.512109549,0.440681295,0.071428254,103.41109,17.959158,121.37057,8.360757952,0.860521534,0.139478466,0,NA,NA,"Ziemi?ska K, Butler DW, Gleason SM, Wright IJ, Westoby M. 2013. Fibre wall and lumen fractions drive wood density variation across 24 Australian angiosperms. AoB PLANTS 5."
147.040,-42.390,2009 Mar,Bothwell,Eucalyptus pauciflora,NA,NA,NA,NA,0.61746,NA,NA,NA,NA,NA,NA,NA,NA,NA,NA,NA,NA,NA,NA,NA,NA,NA,NA,NA,NA,NA,unpublished
147.040,-42.390,2009 Mar,Bothwell,Eucalyptus pauciflora,NA,NA,NA,NA,0.61699,NA,NA,NA,NA,NA,NA,NA,NA,NA,NA,NA,NA,NA,NA,NA,NA,NA,NA,NA,NA,NA,unpublished
147.040,-42.390,2009 Mar,Bothwell,Eucalyptus pauciflora,NA,NA,NA,NA,0.62098,NA,NA,NA,NA,NA,NA,NA,NA,NA,NA,NA,NA,NA,NA,NA,NA,NA,NA,NA,NA,NA,unpublished
147.040,-42.390,2009 Mar,Bothwell,Eucalyptus rubida,NA,NA,NA,NA,0.76489,NA,NA,NA,NA,NA,NA,NA,NA,NA,NA,NA,NA,NA,NA,NA,NA,NA,NA,NA,NA,NA,unpublished
147.040,-42.390,2009 Mar,Bothwell,Eucalyptus rubida,NA,NA,NA,NA,0.62923,NA,NA,NA,NA,NA,NA,NA,NA,NA,NA,NA,NA,NA,NA,NA,NA,NA,NA,NA,NA,NA,unpublished
147.040,-42.390,2009 Mar,Bothwell,Eucalyptus rubida,NA,NA,NA,NA,0.67699,NA,NA,NA,NA,NA,NA,NA,NA,NA,NA,NA,NA,NA,NA,NA,NA,NA,NA,NA,NA,NA,unpublished
147.040,-42.390,2009 Mar,Bothwell,Eucalyptus tenuiramis,NA,NA,NA,NA,0.77291,191965.8,707.08771,61.4728634,117.5400091,0.083111101,0.023928417,0.083688881,0.128922386,0.212611267,0.603645019,0.491497076,0.112147943,47.204334,10.985887,58.19022,5.221601985,0.814215409,0.185784591,0.076704196,NA,NA,"Ziemi?ska K, Butler DW, Gleason SM, Wright IJ, Westoby M. 2013. Fibre wall and lumen fractions drive wood density variation across 24 Australian angiosperms. AoB PLANTS 5."
147.040,-42.390,2009 Mar,Bothwell,Eucalyptus tenuiramis,NA,NA,NA,NA,0.70354,265509.09,729.657926,60.16026129,122.1024747,0.089093043,0.024356347,0.035065022,0.101777199,0.136842221,0.687879476,0.612026898,0.075852578,51.783131,6.7593064,58.543743,22.05754519,0.889729842,0.110270158,0.061828912,NA,NA,"Ziemi?ska K, Butler DW, Gleason SM, Wright IJ, Westoby M. 2013. Fibre wall and lumen fractions drive wood density variation across 24 Australian angiosperms. AoB PLANTS 5."
147.040,-42.390,2009 Mar,Bothwell,Eucalyptus tenuiramis,NA,NA,NA,NA,0.77287,302488.28,1070.937131,52.77170728,147.3965675,0.157852456,0.04032206,0.047086262,0.076368658,0.12345492,0.586414974,0.481620659,0.104794316,49.505581,10.934927,60.440765,8.9313517,0.821296658,0.178703342,0.09195559,NA,NA,"Ziemi?ska K, Butler DW, Gleason SM, Wright IJ, Westoby M. 2013. Fibre wall and lumen fractions drive wood density variation across 24 Australian angiosperms. AoB PLANTS 5."
147.040,-42.390,2009 Mar,Bothwell,Exocarpos cupressiformis,NA,NA,NA,NA,0.67645,NA,NA,NA,NA,NA,NA,NA,NA,NA,NA,NA,NA,NA,NA,NA,NA,NA,NA,NA,NA,NA,unpublished
147.040,-42.390,2009 Mar,Bothwell,Exocarpos cupressiformis,NA,NA,NA,NA,0.62853,NA,NA,NA,NA,NA,NA,NA,NA,NA,NA,NA,NA,NA,NA,NA,NA,NA,NA,NA,NA,NA,unpublished
147.040,-42.390,2009 Mar,Bothwell,Exocarpos cupressiformis,NA,NA,NA,NA,0.63295,NA,NA,NA,NA,NA,NA,NA,NA,NA,NA,NA,NA,NA,NA,NA,NA,NA,NA,NA,NA,NA,unpublished
147.040,-42.390,2009 Mar,Bothwell,Leucopogon ericoides,NA,NA,NA,NA,0.70746,192156.03,260.2107978,34.74186934,460.5800391,0.119847902,0.051898443,0.148054392,0.135942213,0.283996605,0.54425705,0.49578703,0.04847002,107.91785,11.484786,119.40232,14.64237908,0.91094278,0.08905722,0,NA,NA,"Ziemi?ska K, Butler DW, Gleason SM, Wright IJ, Westoby M. 2013. Fibre wall and lumen fractions drive wood density variation across 24 Australian angiosperms. AoB PLANTS 5."
147.040,-42.390,2009 Mar,Bothwell,Leucopogon ericoides,NA,NA,NA,NA,0.56853,283388.41,211.5655811,31.49409816,804.0706854,0.170113679,0.072370935,0.183019262,0.185253676,0.368272937,0.439495266,0.400335446,0.039159819,84.998634,8.88307,93.884117,16.30750336,0.910898199,0.089101801,0,NA,NA,"Ziemi?ska K, Butler DW, Gleason SM, Wright IJ, Westoby M. 2013. Fibre wall and lumen fractions drive wood density variation across 24 Australian angiosperms. AoB PLANTS 5."
147.040,-42.390,2009 Mar,Bothwell,Leucopogon ericoides,NA,NA,NA,NA,0.75953,83157.586,182.7942269,29.3918871,838.6925311,0.153308152,0.072924676,0.151049279,0.135541198,0.286590477,0.487176695,0.420767185,0.066409511,80.150909,13.34278,93.497681,9.126799146,0.86368496,0.13631504,0,NA,NA,"Ziemi?ska K, Butler DW, Gleason SM, Wright IJ, Westoby M. 2013. Fibre wall and lumen fractions drive wood density variation across 24 Australian angiosperms. AoB PLANTS 5."
147.040,-42.390,2009 Mar,Bothwell,Leucopogon virgatus,NA,NA,NA,NA,0.76089,NA,NA,NA,NA,NA,NA,NA,NA,NA,NA,NA,NA,NA,NA,NA,NA,NA,NA,NA,NA,NA,unpublished
147.040,-42.390,2009 Mar,Bothwell,Leucopogon virgatus,NA,NA,NA,NA,0.76091,NA,NA,NA,NA,NA,NA,NA,NA,NA,NA,NA,NA,NA,NA,NA,NA,NA,NA,NA,NA,NA,unpublished
147.040,-42.390,2009 Mar,Bothwell,Leucopogon virgatus,NA,NA,NA,NA,0.78223,NA,NA,NA,NA,NA,NA,NA,NA,NA,NA,NA,NA,NA,NA,NA,NA,NA,NA,NA,NA,NA,unpublished
147.040,-42.390,2009 Mar,Bothwell,Persoonia juniperina,NA,NA,NA,NA,0.65485,269556.13,255.70869,35.74821552,746.5917385,0.190910005,0.111449819,0.094577978,0.145610296,0.240188273,0.433921123,0.381732475,0.052188648,148.22826,21.638186,169.85756,9.037454831,0.8797278,0.1202722,0.023530779,NA,NA,"Ziemi?ska K, Butler DW, Gleason SM, Wright IJ, Westoby M. 2013. Fibre wall and lumen fractions drive wood density variation across 24 Australian angiosperms. AoB PLANTS 5."
147.040,-42.390,2009 Mar,Bothwell,Persoonia juniperina,NA,NA,NA,NA,0.67057,354366.84,155.0749072,28.42819233,1020.511825,0.158255776,0.121261722,0.099133718,0.116684472,0.215818191,0.458101177,0.414754535,0.043346642,157.89697,17.823359,175.72241,15.12846633,0.905377581,0.094622419,0.046563135,NA,NA,"Ziemi?ska K, Butler DW, Gleason SM, Wright IJ, Westoby M. 2013. Fibre wall and lumen fractions drive wood density variation across 24 Australian angiosperms. AoB PLANTS 5."
147.040,-42.390,2009 Mar,Bothwell,Persoonia juniperina,NA,NA,NA,NA,0.63548,414610.97,276.8102156,36.19180587,596.9532217,0.165242751,0.085085092,0.124019025,0.132849555,0.256868579,0.444158834,0.405962124,0.03819671,175.5519,17.911356,193.4657,15.92308071,0.914002138,0.085997862,0.048644743,NA,NA,"Ziemi?ska K, Butler DW, Gleason SM, Wright IJ, Westoby M. 2013. Fibre wall and lumen fractions drive wood density variation across 24 Australian angiosperms. AoB PLANTS 5."
146.160,-18.480,2009 Aug,Cardwell,Acacia crassicarpa,NA,NA,NA,NA,0.44343,NA,NA,NA,NA,NA,NA,NA,NA,NA,NA,NA,NA,NA,NA,NA,NA,NA,NA,NA,NA,NA,unpublished
146.160,-18.480,2009 Aug,Cardwell,Acacia crassicarpa,NA,NA,NA,NA,0.52544,NA,NA,NA,NA,NA,NA,NA,NA,NA,NA,NA,NA,NA,NA,NA,NA,NA,NA,NA,NA,NA,unpublished
146.160,-18.480,2009 Aug,Cardwell,Acacia crassicarpa,NA,NA,NA,NA,0.55423,NA,NA,NA,NA,NA,NA,NA,NA,NA,NA,NA,NA,NA,NA,NA,NA,NA,NA,NA,NA,NA,unpublished
146.160,-18.480,2009 Aug,Cardwell,Acacia flavescens,NA,NA,NA,NA,0.59796,NA,NA,NA,NA,NA,NA,NA,NA,NA,NA,NA,NA,NA,NA,NA,NA,NA,NA,NA,NA,NA,unpublished
146.160,-18.480,2009 Aug,Cardwell,Acacia flavescens,NA,NA,NA,NA,0.64957,NA,NA,NA,NA,NA,NA,NA,NA,NA,NA,NA,NA,NA,NA,NA,NA,NA,NA,NA,NA,NA,unpublished
146.160,-18.480,2009 Aug,Cardwell,Acacia flavescens,NA,NA,NA,NA,0.66363,NA,NA,NA,NA,NA,NA,NA,NA,NA,NA,NA,NA,NA,NA,NA,NA,NA,NA,NA,NA,NA,unpublished
146.160,-18.480,2009 Aug,Cardwell,Acacia mangium,NA,NA,NA,NA,0.36151,4088899.5,1449.0079,86.51865444,85.29124174,0.123587684,0.031021244,0.183099676,0.062404529,0.245504205,0.599886867,0.396639218,0.203247649,59.06190541,30.00633899,89.06824452,4.037768659,0.661190034,0.338809966,0,NA,NA,"Ziemi?ska K, Butler DW, Gleason SM, Wright IJ, Westoby M. 2013. Fibre wall and lumen fractions drive wood density variation across 24 Australian angiosperms. AoB PLANTS 5."
146.160,-18.480,2009 Aug,Cardwell,Acacia mangium,NA,NA,NA,NA,0.42710,1894444,1426.7346,82.86355438,104.7021597,0.14938219,0.034533579,0.249076992,0.057212925,0.306289916,0.509794315,0.30085035,0.208943965,51.40324,37.148598,88.551834,1.570361001,0.590140653,0.409859347,0,NA,NA,"Ziemi?ska K, Butler DW, Gleason SM, Wright IJ, Westoby M. 2013. Fibre wall and lumen fractions drive wood density variation across 24 Australian angiosperms. AoB PLANTS 5."
146.160,-18.480,2009 Aug,Cardwell,Acacia mangium,NA,NA,NA,NA,0.42205,1117631.1,1790.2006,93.91525141,74.86162747,0.134017327,0.029383501,0.272549204,0.067807352,0.340356556,0.496242616,0.324436937,0.171805679,72.54440864,38.42258828,110.9669969,6.734423151,0.653786931,0.346213069,0,NA,NA,"Ziemi?ska K, Butler DW, Gleason SM, Wright IJ, Westoby M. 2013. Fibre wall and lumen fractions drive wood density variation across 24 Australian angiosperms. AoB PLANTS 5."
146.160,-18.480,2009 Aug,Cardwell,Allocasuarina torulosa ,NA,NA,NA,NA,0.67783,23279.0032,639.1015886,60.26382696,324.5599497,0.20742677,0.052679803,0.085720395,0.127519676,0.21324007,0.492883742,0.459875603,0.033008139,78.7388,6.0973482,84.836151,31.52152665,0.933030578,0.066969422,0.033769614,NA,NA,"Ziemi?ska K, Butler DW, Gleason SM, Wright IJ, Westoby M. 2013. Fibre wall and lumen fractions drive wood density variation across 24 Australian angiosperms. AoB PLANTS 5."
146.160,-18.480,2009 Aug,Cardwell,Allocasuarina torulosa ,NA,NA,NA,NA,0.58978,13204.027,552.6007134,56.73270385,350.8665934,0.193889121,0.051230691,0.122619456,0.101259832,0.223879289,0.499178641,0.478224379,0.020954263,97.600319,4.5017009,102.10202,41.55085125,0.958022518,0.041977482,0.032324941,NA,NA,"Ziemi?ska K, Butler DW, Gleason SM, Wright IJ, Westoby M. 2013. Fibre wall and lumen fractions drive wood density variation across 24 Australian angiosperms. AoB PLANTS 5."
146.160,-18.480,2009 Aug,Cardwell,Allocasuarina torulosa ,NA,NA,NA,NA,0.60021,28366.072,508.66931,57.76969301,421.8059223,0.21455973,0.064141445,0.064141445,0.142802431,0.206943876,0.457662529,0.432558625,0.025103904,95.262054,5.9817553,101.24381,46.66768142,0.945147565,0.054852435,0.05669242,NA,NA,"Ziemi?ska K, Butler DW, Gleason SM, Wright IJ, Westoby M. 2013. Fibre wall and lumen fractions drive wood density variation across 24 Australian angiosperms. AoB PLANTS 5."
146.160,-18.480,2009 Aug,Cardwell,Alphitonia excelsa ,NA,NA,NA,NA,0.39535,3023448.8,3378.0583,123.6078413,52.02169209,0.17573232,0.034776479,0.034292433,0.089181422,0.123473854,0.666017347,0.266556344,0.399461003,56.826611,88.406425,145.23303,0.69089243,0.400224326,0.599775674,0,NA,NA,"Ziemi?ska K, Butler DW, Gleason SM, Wright IJ, Westoby M. 2013. Fibre wall and lumen fractions drive wood density variation across 24 Australian angiosperms. AoB PLANTS 5."
146.160,-18.480,2009 Aug,Cardwell,Alphitonia excelsa ,NA,NA,NA,NA,0.38089,1338765.6,2049.5979,98.04482428,70.51914118,0.144535878,0.028608293,0.031470067,0.118601422,0.150071489,0.676784339,0.432562743,0.244221597,62.67883517,43.46614417,106.1449795,11.46905411,0.639144137,0.360855863,0,NA,NA,"Ziemi?ska K, Butler DW, Gleason SM, Wright IJ, Westoby M. 2013. Fibre wall and lumen fractions drive wood density variation across 24 Australian angiosperms. AoB PLANTS 5."
146.160,-18.480,2009 Aug,Cardwell,Alphitonia excelsa ,NA,NA,NA,NA,0.33571,2040469.8,1841.9266,92.32580573,75.91989181,0.139838865,0.030935502,0.051437983,0.174086415,0.225524398,0.603701236,0.328231258,0.275469977,63.28322591,57.48646662,120.7696928,2.546217009,0.543698172,0.456301828,0,NA,NA,"Ziemi?ska K, Butler DW, Gleason SM, Wright IJ, Westoby M. 2013. Fibre wall and lumen fractions drive wood density variation across 24 Australian angiosperms. AoB PLANTS 5."
146.160,-18.480,2009 Aug,Cardwell,Canarium australianum,NA,NA,NA,NA,0.48887,NA,NA,NA,NA,NA,NA,NA,NA,NA,NA,NA,NA,NA,NA,NA,NA,NA,NA,NA,NA,NA,unpublished
146.160,-18.480,2009 Aug,Cardwell,Canarium australianum,NA,NA,NA,NA,0.46649,NA,NA,NA,NA,NA,NA,NA,NA,NA,NA,NA,NA,NA,NA,NA,NA,NA,NA,NA,NA,NA,unpublished
146.160,-18.480,2009 Aug,Cardwell,Canarium australianum,NA,NA,NA,NA,0.40288,NA,NA,NA,NA,NA,NA,NA,NA,NA,NA,NA,NA,NA,NA,NA,NA,NA,NA,NA,NA,NA,unpublished
146.160,-18.480,2009 Aug,Cardwell,Chionanthus ramiflorus,NA,NA,NA,NA,0.51558,2372986.5,1245.0089,77.2442504,110.5192182,0.137597416,0.032699497,0.024974312,0.18207274,0.207047052,0.622656035,0.438464488,0.184191547,186.75392,85.703865,272.45779,3.138822945,0.704184114,0.295815886,0,NA,NA,"Ziemi?ska K, Butler DW, Gleason SM, Wright IJ, Westoby M. 2013. Fibre wall and lumen fractions drive wood density variation across 24 Australian angiosperms. AoB PLANTS 5."
146.160,-18.480,2009 Aug,Cardwell,Chionanthus ramiflorus,NA,NA,NA,NA,0.59060,1874603,995.39453,70.87564119,185.2332167,0.184380138,0.07302134,0.052008511,0.26199264,0.31400115,0.428597372,0.308114415,0.120482957,123.0227,53.277618,176.30031,3.833774195,0.718890117,0.281109883,0,NA,NA,"Ziemi?ska K, Butler DW, Gleason SM, Wright IJ, Westoby M. 2013. Fibre wall and lumen fractions drive wood density variation across 24 Australian angiosperms. AoB PLANTS 5."
146.160,-18.480,2009 Aug,Cardwell,Chionanthus ramiflorus,NA,NA,NA,NA,0.57354,2145835.5,733.9837,58.77897907,171.1109334,0.125592637,0.047975446,0.068735835,0.197238362,0.265974197,0.56045772,0.439424218,0.121033501,142.6292,40.795597,183.4248,4.91943263,0.78404526,0.21595474,0,NA,NA,"Ziemi?ska K, Butler DW, Gleason SM, Wright IJ, Westoby M. 2013. Fibre wall and lumen fractions drive wood density variation across 24 Australian angiosperms. AoB PLANTS 5."
146.160,-18.480,2009 Aug,Cardwell,Corymbia intermedia,NA,NA,NA,NA,0.51246,NA,NA,NA,NA,NA,NA,NA,NA,NA,NA,NA,NA,NA,NA,NA,NA,NA,NA,NA,NA,NA,unpublished
146.160,-18.480,2009 Aug,Cardwell,Corymbia intermedia,NA,NA,NA,NA,0.66149,NA,NA,NA,NA,NA,NA,NA,NA,NA,NA,NA,NA,NA,NA,NA,NA,NA,NA,NA,NA,NA,unpublished
146.160,-18.480,2009 Aug,Cardwell,Corymbia intermedia,NA,NA,NA,NA,0.61556,NA,NA,NA,NA,NA,NA,NA,NA,NA,NA,NA,NA,NA,NA,NA,NA,NA,NA,NA,NA,NA,unpublished
146.160,-18.480,2009 Aug,Cardwell,Eucalyptus platyphylla,NA,NA,NA,NA,0.46733,716557.63,1673.0938,91.64669329,101.8080627,0.170334435,0.029079723,0.063279755,0.16622782,0.229507575,0.544058003,0.484362921,0.059695082,94.915085,11.631088,106.54617,16.8283828,0.890278093,0.109721907,0.027020264,NA,NA,"Ziemi?ska K, Butler DW, Gleason SM, Wright IJ, Westoby M. 2013. Fibre wall and lumen fractions drive wood density variation across 24 Australian angiosperms. AoB PLANTS 5."
146.160,-18.480,2009 Aug,Cardwell,Eucalyptus platyphylla,NA,NA,NA,NA,0.44864,904288.5,1332.2246,81.69906375,126.3992475,0.168392185,0.028284255,0.058918452,0.117233215,0.176151667,0.60089648,0.475087073,0.125809407,63.162132,21.358881,84.521011,119.0332292,0.790630481,0.209369519,0.026275413,NA,NA,"Ziemi?ska K, Butler DW, Gleason SM, Wright IJ, Westoby M. 2013. Fibre wall and lumen fractions drive wood density variation across 24 Australian angiosperms. AoB PLANTS 5."
146.160,-18.480,2009 Aug,Cardwell,Eucalyptus platyphylla,NA,NA,NA,NA,0.54157,1128395.1,1071.0455,75.45622806,206.6164737,0.221295663,0.041827065,0.076401074,0.182490873,0.258891947,0.428777441,0.367729083,0.061048358,74.863647,13.187332,88.05098,10.53437244,0.857622272,0.142377728,0.049207884,NA,NA,"Ziemi?ska K, Butler DW, Gleason SM, Wright IJ, Westoby M. 2013. Fibre wall and lumen fractions drive wood density variation across 24 Australian angiosperms. AoB PLANTS 5."
146.160,-18.480,2009 Aug,Cardwell,Ixora timorensis,NA,NA,NA,NA,0.46858,3182053.8,678.94165,57.27546743,298.292455,0.202523164,0.064299274,0.027256833,0.260057573,0.287314406,0.43337734,0.376163101,0.057214238,141.52939,22.295868,163.82526,8.480002049,0.867980549,0.132019451,0.012485817,NA,NA,"Ziemi?ska K, Butler DW, Gleason SM, Wright IJ, Westoby M. 2013. Fibre wall and lumen fractions drive wood density variation across 24 Australian angiosperms. AoB PLANTS 5."
146.160,-18.480,2009 Aug,Cardwell,Ixora timorensis,NA,NA,NA,NA,0.53877,3182036.8,487.26224,49.39238484,260.1171684,0.126745273,0.045164469,0.055502717,0.294175514,0.349678231,0.470467802,0.379271148,0.091196654,146.89429,36.607922,183.50221,4.656097111,0.806157501,0.193842499,0.007944225,NA,NA,"Ziemi?ska K, Butler DW, Gleason SM, Wright IJ, Westoby M. 2013. Fibre wall and lumen fractions drive wood density variation across 24 Australian angiosperms. AoB PLANTS 5."
146.160,-18.480,2009 Aug,Cardwell,Ixora timorensis,NA,NA,NA,NA,0.55207,3437151.8,490.72009,49.90686314,315.7893798,0.154964191,0.049031403,0.03328871,0.258224134,0.291512844,0.49742044,0.414974999,0.082445441,155.97791,32.496429,188.47433,6.47221376,0.834254015,0.165745985,0.007071123,NA,NA,"Ziemi?ska K, Butler DW, Gleason SM, Wright IJ, Westoby M. 2013. Fibre wall and lumen fractions drive wood density variation across 24 Australian angiosperms. AoB PLANTS 5."
146.160,-18.480,2009 Aug,Cardwell,Lophostemon suaveolens,NA,NA,NA,NA,0.58190,NA,NA,NA,NA,NA,NA,NA,NA,NA,NA,NA,NA,NA,NA,NA,NA,NA,NA,NA,NA,NA,unpublished
146.160,-18.480,2009 Aug,Cardwell,Lophostemon suaveolens,NA,NA,NA,NA,0.56193,NA,NA,NA,NA,NA,NA,NA,NA,NA,NA,NA,NA,NA,NA,NA,NA,NA,NA,NA,NA,NA,unpublished
146.160,-18.480,2009 Aug,Cardwell,Lophostemon suaveolens,NA,NA,NA,NA,0.47106,NA,NA,NA,NA,NA,NA,NA,NA,NA,NA,NA,NA,NA,NA,NA,NA,NA,NA,NA,NA,NA,unpublished
146.160,-18.480,2009 Aug,Cardwell,Macaranga involucrata,NA,NA,NA,NA,0.37974,NA,NA,NA,NA,NA,NA,NA,NA,NA,NA,NA,NA,NA,NA,NA,NA,NA,NA,NA,NA,NA,unpublished
146.160,-18.480,2009 Aug,Cardwell,Macaranga involucrata,NA,NA,NA,NA,0.36424,NA,NA,NA,NA,NA,NA,NA,NA,NA,NA,NA,NA,NA,NA,NA,NA,NA,NA,NA,NA,NA,unpublished
146.160,-18.480,2009 Aug,Cardwell,Macaranga involucrata,NA,NA,NA,NA,0.45160,NA,NA,NA,NA,NA,NA,NA,NA,NA,NA,NA,NA,NA,NA,NA,NA,NA,NA,NA,NA,NA,unpublished
146.160,-18.480,2009 Aug,Cardwell,Macaranga tanarius,NA,NA,NA,NA,0.42599,NA,NA,NA,NA,NA,NA,NA,NA,NA,NA,NA,NA,NA,NA,NA,NA,NA,NA,NA,NA,NA,unpublished
146.160,-18.480,2009 Aug,Cardwell,Macaranga tanarius,NA,NA,NA,NA,0.42653,NA,NA,NA,NA,NA,NA,NA,NA,NA,NA,NA,NA,NA,NA,NA,NA,NA,NA,NA,NA,NA,unpublished
146.160,-18.480,2009 Aug,Cardwell,Macaranga tanarius,NA,NA,NA,NA,0.31967,NA,NA,NA,NA,NA,NA,NA,NA,NA,NA,NA,NA,NA,NA,NA,NA,NA,NA,NA,NA,NA,unpublished
146.160,-18.480,2009 Aug,Cardwell,Planchonia careya ,NA,NA,NA,NA,0.31241,NA,NA,NA,NA,NA,NA,NA,NA,NA,NA,NA,NA,NA,NA,NA,NA,NA,NA,NA,NA,NA,unpublished
146.160,-18.480,2009 Aug,Cardwell,Planchonia careya ,NA,NA,NA,NA,0.49904,NA,NA,NA,NA,NA,NA,NA,NA,NA,NA,NA,NA,NA,NA,NA,NA,NA,NA,NA,NA,NA,unpublished
146.160,-18.480,2009 Aug,Cardwell,Planchonia careya ,NA,NA,NA,NA,0.51347,NA,NA,NA,NA,NA,NA,NA,NA,NA,NA,NA,NA,NA,NA,NA,NA,NA,NA,NA,NA,NA,unpublished
146.160,-18.480,2009 Aug,Cardwell,Polyscias elegans,NA,NA,NA,NA,0.34630,NA,NA,NA,NA,NA,NA,NA,NA,NA,NA,NA,NA,NA,NA,NA,NA,NA,NA,NA,NA,NA,unpublished
146.160,-18.480,2009 Aug,Cardwell,Polyscias elegans,NA,NA,NA,NA,0.42010,NA,NA,NA,NA,NA,NA,NA,NA,NA,NA,NA,NA,NA,NA,NA,NA,NA,NA,NA,NA,NA,unpublished
146.160,-18.480,2009 Aug,Cardwell,Polyscias elegans,NA,NA,NA,NA,0.37352,NA,NA,NA,NA,NA,NA,NA,NA,NA,NA,NA,NA,NA,NA,NA,NA,NA,NA,NA,NA,NA,unpublished
146.160,-18.480,2009 Aug,Cardwell,Timonius timon,NA,NA,NA,NA,0.46467,NA,NA,NA,NA,NA,NA,NA,NA,NA,NA,NA,NA,NA,NA,NA,NA,NA,NA,NA,NA,NA,unpublished
146.160,-18.480,2009 Aug,Cardwell,Timonius timon,NA,NA,NA,NA,0.52318,NA,NA,NA,NA,NA,NA,NA,NA,NA,NA,NA,NA,NA,NA,NA,NA,NA,NA,NA,NA,NA,unpublished
146.160,-18.480,2009 Aug,Cardwell,Timonius timon,NA,NA,NA,NA,0.42717,NA,NA,NA,NA,NA,NA,NA,NA,NA,NA,NA,NA,NA,NA,NA,NA,NA,NA,NA,NA,NA,unpublished
147.180,-42.980,2009 Mar,Longley,Acacia dealbata,NA,NA,NA,NA,0.42343,NA,NA,NA,NA,NA,NA,NA,NA,NA,NA,NA,NA,NA,NA,NA,NA,NA,NA,NA,NA,NA,unpublished
147.180,-42.980,2009 Mar,Longley,Acacia dealbata,NA,NA,NA,NA,0.48013,NA,NA,NA,NA,NA,NA,NA,NA,NA,NA,NA,NA,NA,NA,NA,NA,NA,NA,NA,NA,NA,unpublished
147.180,-42.980,2009 Mar,Longley,Acacia terminalis,NA,NA,NA,NA,0.44869,NA,NA,NA,NA,NA,NA,NA,NA,NA,NA,NA,NA,NA,NA,NA,NA,NA,NA,NA,NA,NA,unpublished
147.180,-42.980,2009 Mar,Longley,Acacia terminalis,NA,NA,NA,NA,0.47375,NA,NA,NA,NA,NA,NA,NA,NA,NA,NA,NA,NA,NA,NA,NA,NA,NA,NA,NA,NA,NA,unpublished
147.180,-42.980,2009 Mar,Longley,Acacia terminalis,NA,NA,NA,NA,0.70494,NA,NA,NA,NA,NA,NA,NA,NA,NA,NA,NA,NA,NA,NA,NA,NA,NA,NA,NA,NA,NA,unpublished
147.180,-42.980,2009 Mar,Longley,Allocasuarina monilifera,NA,NA,NA,NA,0.55479,65397.066,206.32301,37.13229166,984.0207221,0.203026122,0.111323723,0.155723882,0.124249734,0.279973616,0.354957843,0.33760994,0.017347903,112.93233,6.1360526,119.07536,71.50737298,0.951126865,0.048873135,0.050718696,NA,NA,"Ziemi?ska K, Butler DW, Gleason SM, Wright IJ, Westoby M. 2013. Fibre wall and lumen fractions drive wood density variation across 24 Australian angiosperms. AoB PLANTS 5."
147.180,-42.980,2009 Mar,Longley,Allocasuarina monilifera,NA,NA,NA,NA,0.64139,206945.5,141.2470768,28.3487329,726.6326433,0.102634737,0.065182933,0.146503284,0.208498221,0.355001506,0.432183361,0.415112836,0.017070525,102.97438,4.5818901,107.55627,68.23846378,0.960501661,0.039498339,0.044997463,NA,NA,"Ziemi?ska K, Butler DW, Gleason SM, Wright IJ, Westoby M. 2013. Fibre wall and lumen fractions drive wood density variation across 24 Australian angiosperms. AoB PLANTS 5."
147.180,-42.980,2009 Mar,Longley,Allocasuarina monilifera,NA,NA,NA,NA,0.54255,280472.81,212.05812,35.90242071,799.9419015,0.228935363,0.067504944,0.136294037,0.231995363,0.3682894,0.333426419,0.309837508,0.02358891,102.86648,8.4214449,111.28809,24.2414466,0.929253025,0.070746975,0.061145065,NA,NA,"Ziemi?ska K, Butler DW, Gleason SM, Wright IJ, Westoby M. 2013. Fibre wall and lumen fractions drive wood density variation across 24 Australian angiosperms. AoB PLANTS 5."
147.180,-42.980,2009 Mar,Longley,Aotus ericoides,NA,NA,NA,NA,0.68400,262624.63,454.27719,45.95639504,258.665155,0.117505676,0.066921046,0.207545716,0.192723921,0.400269638,0.415303641,0.405186985,0.010116656,132.69208,3.6937296,136.3931,97.43475488,0.975640338,0.024359662,0,NA,NA,"Ziemi?ska K, Butler DW, Gleason SM, Wright IJ, Westoby M. 2013. Fibre wall and lumen fractions drive wood density variation across 24 Australian angiosperms. AoB PLANTS 5."
147.180,-42.980,2009 Mar,Longley,Aotus ericoides,NA,NA,NA,NA,0.65338,343473.44,466.1658,46.48870964,211.360516,0.098529042,0.035931009,0.103695664,0.206235592,0.309931257,0.555608693,0.547766227,0.007842466,138.3942,2.1219943,140.51653,115.5043286,0.985884911,0.014115089,0,NA,NA,"Ziemi?ska K, Butler DW, Gleason SM, Wright IJ, Westoby M. 2013. Fibre wall and lumen fractions drive wood density variation across 24 Australian angiosperms. AoB PLANTS 5."
147.180,-42.980,2009 Mar,Longley,Aotus ericoides,NA,NA,NA,NA,0.71560,750562.75,541.53461,50.69558825,155.2691127,0.084083594,0.027446196,0.160198122,0.13395574,0.294153862,0.594316349,0.584557132,0.009759217,126.91481,2.1928673,129.10582,87.95848369,0.983579087,0.016420913,0,NA,NA,"Ziemi?ska K, Butler DW, Gleason SM, Wright IJ, Westoby M. 2013. Fibre wall and lumen fractions drive wood density variation across 24 Australian angiosperms. AoB PLANTS 5."
147.180,-42.980,2009 Mar,Longley,Banksia marginata,NA,NA,NA,NA,0.53108,425729.34,244.3797625,35.91633103,923.6061675,0.226471956,0.118946866,0.141152433,0.122614961,0.263767393,0.375785928,0.349966533,0.025819395,105.50865,7.9241252,113.43754,18.54373009,0.931292278,0.068707722,0.015027856,NA,NA,"Ziemi?ska K, Butler DW, Gleason SM, Wright IJ, Westoby M. 2013. Fibre wall and lumen fractions drive wood density variation across 24 Australian angiosperms. AoB PLANTS 5."
147.180,-42.980,2009 Mar,Longley,Banksia marginata,NA,NA,NA,NA,0.49141,1949367,269.40375,36.17975019,873.4032346,0.235298111,0.107568621,0.109952129,0.161058461,0.271010589,0.377788528,0.362810226,0.014978302,104.53281,4.1676435,108.70071,33.69440238,0.960352681,0.039647319,0.008355187,NA,NA,"Ziemi?ska K, Butler DW, Gleason SM, Wright IJ, Westoby M. 2013. Fibre wall and lumen fractions drive wood density variation across 24 Australian angiosperms. AoB PLANTS 5."
147.180,-42.980,2009 Mar,Longley,Banksia marginata,NA,NA,NA,NA,0.53235,616850.13,473.914166,48.60468811,404.9501758,0.191911621,0.072188229,0.100727416,0.160543895,0.261271311,0.4695272,0.445299542,0.024227659,98.950554,5.3569322,104.30748,33.23373762,0.948399883,0.051600117,0.010432063,NA,NA,"Ziemi?ska K, Butler DW, Gleason SM, Wright IJ, Westoby M. 2013. Fibre wall and lumen fractions drive wood density variation across 24 Australian angiosperms. AoB PLANTS 5."
147.180,-42.980,2009 Mar,Longley,Epacris impressa,NA,NA,NA,NA,0.69852,NA,NA,NA,NA,NA,NA,NA,NA,NA,NA,NA,NA,NA,NA,NA,NA,NA,NA,NA,NA,NA,unpublished
147.180,-42.980,2009 Mar,Longley,Epacris impressa,NA,NA,NA,NA,0.73011,NA,NA,NA,NA,NA,NA,NA,NA,NA,NA,NA,NA,NA,NA,NA,NA,NA,NA,NA,NA,NA,unpublished
147.180,-42.980,2009 Mar,Longley,Epacris impressa,NA,NA,NA,NA,0.74632,NA,NA,NA,NA,NA,NA,NA,NA,NA,NA,NA,NA,NA,NA,NA,NA,NA,NA,NA,NA,NA,unpublished
147.180,-42.980,2009 Mar,Longley,Epacris lanuginosa,NA,NA,NA,NA,0.60862,NA,NA,NA,NA,NA,NA,NA,NA,NA,NA,NA,NA,NA,NA,NA,NA,NA,NA,NA,NA,NA,unpublished
147.180,-42.980,2009 Mar,Longley,Epacris lanuginosa,NA,NA,NA,NA,0.74323,NA,NA,NA,NA,NA,NA,NA,NA,NA,NA,NA,NA,NA,NA,NA,NA,NA,NA,NA,NA,NA,unpublished
147.180,-42.980,2009 Mar,Longley,Epacris lanuginosa,NA,NA,NA,NA,0.64063,NA,NA,NA,NA,NA,NA,NA,NA,NA,NA,NA,NA,NA,NA,NA,NA,NA,NA,NA,NA,NA,unpublished
147.180,-42.980,2009 Mar,Longley,Eucalyptus amygdalina,NA,NA,NA,NA,0.64083,94785.063,891.61212,64.83403822,172.4999542,0.153803049,0.034639131,0.044487122,0.107173263,0.151660385,0.5616894,0.468194907,0.093494493,40.644753,8.8987837,49.543091,8.282421942,0.833547699,0.166452301,0.098208035,NA,NA,"Ziemi?ska K, Butler DW, Gleason SM, Wright IJ, Westoby M. 2013. Fibre wall and lumen fractions drive wood density variation across 24 Australian angiosperms. AoB PLANTS 5."
147.180,-42.980,2009 Mar,Longley,Eucalyptus amygdalina,NA,NA,NA,NA,0.53648,103538.41,1748.4528,89.48430981,73.93155478,0.129265831,0.025117914,0.063604638,0.139631467,0.203236106,0.606469707,0.482880526,0.123589181,46.057072,12.175414,58.233791,5.224712335,0.79621541,0.20378459,0.035910443,NA,NA,"Ziemi?ska K, Butler DW, Gleason SM, Wright IJ, Westoby M. 2013. Fibre wall and lumen fractions drive wood density variation across 24 Australian angiosperms. AoB PLANTS 5."
147.180,-42.980,2009 Mar,Longley,Eucalyptus amygdalina,NA,NA,NA,NA,0.61758,107772.64,1359.1066,79.47366601,90.28417268,0.122705807,0.023146752,0.054583333,0.076692497,0.131275829,0.679163905,0.530265793,0.148898112,51.0182,15.298518,66.315491,5.400865007,0.780762624,0.219237376,0.043707707,NA,NA,"Ziemi?ska K, Butler DW, Gleason SM, Wright IJ, Westoby M. 2013. Fibre wall and lumen fractions drive wood density variation across 24 Australian angiosperms. AoB PLANTS 5."
147.180,-42.980,2009 Mar,Longley,Exocarpos cupressiformis,NA,NA,NA,NA,0.65664,NA,NA,NA,NA,NA,NA,NA,NA,NA,NA,NA,NA,NA,NA,NA,NA,NA,NA,NA,NA,NA,unpublished
147.180,-42.980,2009 Mar,Longley,Exocarpos cupressiformis,NA,NA,NA,NA,0.58903,NA,NA,NA,NA,NA,NA,NA,NA,NA,NA,NA,NA,NA,NA,NA,NA,NA,NA,NA,NA,NA,unpublished
147.180,-42.980,2009 Mar,Longley,Exocarpos cupressiformis,NA,NA,NA,NA,0.57776,NA,NA,NA,NA,NA,NA,NA,NA,NA,NA,NA,NA,NA,NA,NA,NA,NA,NA,NA,NA,NA,unpublished
147.180,-42.980,2009 Mar,Longley,Leptomeria drupacea,NA,NA,NA,NA,0.65169,NA,NA,NA,NA,NA,NA,NA,NA,NA,NA,NA,NA,NA,NA,NA,NA,NA,NA,NA,NA,NA,unpublished
147.180,-42.980,2009 Mar,Longley,Leptomeria drupacea,NA,NA,NA,NA,0.66901,NA,NA,NA,NA,NA,NA,NA,NA,NA,NA,NA,NA,NA,NA,NA,NA,NA,NA,NA,NA,NA,unpublished
147.180,-42.980,2009 Mar,Longley,Leptospermum glaucescens,NA,NA,NA,NA,0.65874,NA,NA,NA,NA,NA,NA,NA,NA,NA,NA,NA,NA,NA,NA,NA,NA,NA,NA,NA,NA,NA,unpublished
147.180,-42.980,2009 Mar,Longley,Leptospermum glaucescens,NA,NA,NA,NA,0.65612,NA,NA,NA,NA,NA,NA,NA,NA,NA,NA,NA,NA,NA,NA,NA,NA,NA,NA,NA,NA,NA,unpublished
147.180,-42.980,2009 Mar,Longley,Leptospermum glaucescens,NA,NA,NA,NA,0.63925,NA,NA,NA,NA,NA,NA,NA,NA,NA,NA,NA,NA,NA,NA,NA,NA,NA,NA,NA,NA,NA,unpublished
147.180,-42.980,2009 Mar,Longley,Leptospermum scoparium,NA,NA,NA,NA,0.71418,203048.7,562.95703,52.65860838,264.4251834,0.148860016,0.070020973,0.075540879,0.195738645,0.221459164,0.566769349,0.52619456,0.040574789,112.77489,9.2920809,122.06697,24.3943801,0.928410404,0.071589596,0.010712579,NA,NA,"Ziemi?ska K, Butler DW, Gleason SM, Wright IJ, Westoby M. 2013. Fibre wall and lumen fractions drive wood density variation across 24 Australian angiosperms. AoB PLANTS 5."
147.180,-42.980,2009 Mar,Longley,Leptospermum scoparium,NA,NA,NA,NA,0.78810,88422.625,423.59357,47.47043681,313.618022,0.132846577,0.04917837,0.05573358,0.106768544,0.162502124,0.621889966,0.591654214,0.030235752,95.002197,5.8882351,100.89351,54.0651475,0.951380865,0.048619135,0.033582963,NA,NA,"Ziemi?ska K, Butler DW, Gleason SM, Wright IJ, Westoby M. 2013. Fibre wall and lumen fractions drive wood density variation across 24 Australian angiosperms. AoB PLANTS 5."
147.180,-42.980,2009 Mar,Longley,Leptospermum scoparium,NA,NA,NA,NA,0.73012,224677.89,471.9177704,48.90843808,310.5385668,0.14654867,0.043204431,0.051316787,0.15071478,0.202031567,0.587718124,0.572956765,0.014761359,100.45394,2.3195887,102.77369,77.55319498,0.974883608,0.025116392,0.02049721,NA,NA,"Ziemi?ska K, Butler DW, Gleason SM, Wright IJ, Westoby M. 2013. Fibre wall and lumen fractions drive wood density variation across 24 Australian angiosperms. AoB PLANTS 5."
147.180,-42.980,2009 Mar,Longley,Leucopogon collinus,NA,NA,NA,NA,0.71799,NA,NA,NA,NA,NA,NA,NA,NA,NA,NA,NA,NA,NA,NA,NA,NA,NA,NA,NA,NA,NA,unpublished
147.180,-42.980,2009 Mar,Longley,Leucopogon collinus,NA,NA,NA,NA,0.69133,NA,NA,NA,NA,NA,NA,NA,NA,NA,NA,NA,NA,NA,NA,NA,NA,NA,NA,NA,NA,NA,unpublished
147.180,-42.980,2009 Mar,Longley,Leucopogon collinus,NA,NA,NA,NA,0.73195,NA,NA,NA,NA,NA,NA,NA,NA,NA,NA,NA,NA,NA,NA,NA,NA,NA,NA,NA,NA,NA,unpublished
147.180,-42.980,2009 Mar,Longley,Leucopogon ericoides,NA,NA,NA,NA,0.68347,146621.06,242.9918153,33.98045612,446.8809474,0.108063834,0.04137512,0.041201786,0.10447898,0.145680767,0.704880279,0.592822578,0.112057702,114.78286,22.58744,137.36278,6.918218146,0.841025909,0.158974091,0,NA,NA,"Ziemi?ska K, Butler DW, Gleason SM, Wright IJ, Westoby M. 2013. Fibre wall and lumen fractions drive wood density variation across 24 Australian angiosperms. AoB PLANTS 5."
147.180,-42.980,2009 Mar,Longley,Leucopogon ericoides,NA,NA,NA,NA,0.70199,116510.45,369.091012,41.66883554,474.0896904,0.174982246,0.083074173,0.105705856,0.122313866,0.228019722,0.513923858,0.460087821,0.053836038,110.57406,13.336307,123.91137,13.07666788,0.895245109,0.104754891,0,NA,NA,"Ziemi?ska K, Butler DW, Gleason SM, Wright IJ, Westoby M. 2013. Fibre wall and lumen fractions drive wood density variation across 24 Australian angiosperms. AoB PLANTS 5."
147.180,-42.980,2009 Mar,Longley,Leucopogon ericoides,NA,NA,NA,NA,0.73184,140209.78,245.63005,34.02698035,564.5352536,0.138666825,0.044283638,0.057988926,0.113643538,0.171632464,0.645417073,0.590408077,0.055008996,93.598267,9.1536589,102.75216,15.71925048,0.914769847,0.085230153,0,NA,NA,"Ziemi?ska K, Butler DW, Gleason SM, Wright IJ, Westoby M. 2013. Fibre wall and lumen fractions drive wood density variation across 24 Australian angiosperms. AoB PLANTS 5."
147.180,-42.980,2009 Mar,Longley,Melaleuca squarrosa,NA,NA,NA,NA,0.63068,NA,NA,NA,NA,NA,NA,NA,NA,NA,NA,NA,NA,NA,NA,NA,NA,NA,NA,NA,NA,NA,unpublished
147.180,-42.980,2009 Mar,Longley,Melaleuca squarrosa,NA,NA,NA,NA,0.61149,NA,NA,NA,NA,NA,NA,NA,NA,NA,NA,NA,NA,NA,NA,NA,NA,NA,NA,NA,NA,NA,unpublished
147.180,-42.980,2009 Mar,Longley,Melaleuca squarrosa,NA,NA,NA,NA,0.61535,NA,NA,NA,NA,NA,NA,NA,NA,NA,NA,NA,NA,NA,NA,NA,NA,NA,NA,NA,NA,NA,unpublished
147.180,-42.980,2009 Mar,Longley,Monotoca scoparia,NA,NA,NA,NA,0.68889,NA,NA,NA,NA,NA,NA,NA,NA,NA,NA,NA,NA,NA,NA,NA,NA,NA,NA,NA,NA,NA,unpublished
147.180,-42.980,2009 Mar,Longley,Monotoca scoparia,NA,NA,NA,NA,0.69492,NA,NA,NA,NA,NA,NA,NA,NA,NA,NA,NA,NA,NA,NA,NA,NA,NA,NA,NA,NA,NA,unpublished
147.180,-42.980,2009 Mar,Longley,Monotoca scoparia,NA,NA,NA,NA,0.56214,NA,NA,NA,NA,NA,NA,NA,NA,NA,NA,NA,NA,NA,NA,NA,NA,NA,NA,NA,NA,NA,unpublished
147.180,-42.980,2009 Mar,Longley,Olearia phlogopappa,NA,NA,NA,NA,0.74184,NA,NA,NA,NA,NA,NA,NA,NA,NA,NA,NA,NA,NA,NA,NA,NA,NA,NA,NA,NA,NA,unpublished
147.180,-42.980,2009 Mar,Longley,Olearia phlogopappa,NA,NA,NA,NA,0.72630,NA,NA,NA,NA,NA,NA,NA,NA,NA,NA,NA,NA,NA,NA,NA,NA,NA,NA,NA,NA,NA,unpublished
147.180,-42.980,2009 Mar,Longley,Olearia phlogopappa,NA,NA,NA,NA,0.72184,NA,NA,NA,NA,NA,NA,NA,NA,NA,NA,NA,NA,NA,NA,NA,NA,NA,NA,NA,NA,NA,unpublished
147.180,-42.980,2009 Mar,Longley,Ozothamnus ferugineum,NA,NA,NA,NA,0.65222,NA,NA,NA,NA,NA,NA,NA,NA,NA,NA,NA,NA,NA,NA,NA,NA,NA,NA,NA,NA,NA,unpublished
147.180,-42.980,2009 Mar,Longley,Ozothamnus ferugineum,NA,NA,NA,NA,0.68552,NA,NA,NA,NA,NA,NA,NA,NA,NA,NA,NA,NA,NA,NA,NA,NA,NA,NA,NA,NA,NA,unpublished
147.180,-42.980,2009 Mar,Longley,Ozothamnus ferugineum,NA,NA,NA,NA,0.71675,NA,NA,NA,NA,NA,NA,NA,NA,NA,NA,NA,NA,NA,NA,NA,NA,NA,NA,NA,NA,NA,unpublished
145.520,-18.250,2009 Nov,Princess Hills,Acacia flavescens,NA,NA,NA,NA,0.77612,1614344.1,1148.692632,77.47991152,96.59112171,0.110953505,0.033174728,0.101779536,0.070003207,0.171782742,0.684089025,0.672473208,0.011615818,128.86797,2.5237489,131.39171,279.8986831,0.983020021,0.016979979,0,NA,NA,"Ziemi?ska K, Butler DW, Gleason SM, Wright IJ, Westoby M. 2013. Fibre wall and lumen fractions drive wood density variation across 24 Australian angiosperms. AoB PLANTS 5."
145.520,-18.250,2009 Nov,Princess Hills,Acacia flavescens,NA,NA,NA,NA,0.73326,1527169.5,1812.184823,96.02769954,53.2408521,0.096482263,0.022696318,0.110278309,0.083884638,0.194162948,0.686658472,0.53472971,0.151928762,111.3196705,36.44739565,147.7670675,160.1275629,0.778741881,0.221258119,0,NA,NA,"Ziemi?ska K, Butler DW, Gleason SM, Wright IJ, Westoby M. 2013. Fibre wall and lumen fractions drive wood density variation across 24 Australian angiosperms. AoB PLANTS 5."
145.520,-18.250,2009 Nov,Princess Hills,Acacia flavescens,NA,NA,NA,NA,0.78321,1027019.7,1420.417088,83.57525646,67.88751272,0.096428586,0.023613468,0.102722674,0.070507356,0.17323003,0.706727915,0.622810486,0.083917429,126.60213,18.872225,145.47435,66.15489469,0.881259212,0.118740788,0,NA,NA,"Ziemi?ska K, Butler DW, Gleason SM, Wright IJ, Westoby M. 2013. Fibre wall and lumen fractions drive wood density variation across 24 Australian angiosperms. AoB PLANTS 5."
145.520,-18.250,2009 Nov,Princess Hills,Acacia leptostachya,NA,NA,NA,NA,0.76504,NA,NA,NA,NA,NA,NA,NA,NA,NA,NA,NA,NA,NA,NA,NA,NA,NA,NA,NA,NA,NA,unpublished
145.520,-18.250,2009 Nov,Princess Hills,Acacia leptostachya,NA,NA,NA,NA,0.64283,NA,NA,NA,NA,NA,NA,NA,NA,NA,NA,NA,NA,NA,NA,NA,NA,NA,NA,NA,NA,NA,unpublished
145.520,-18.250,2009 Nov,Princess Hills,Acacia leptostachya,NA,NA,NA,NA,0.70944,NA,NA,NA,NA,NA,NA,NA,NA,NA,NA,NA,NA,NA,NA,NA,NA,NA,NA,NA,NA,NA,unpublished
145.520,-18.250,2009 Nov,Princess Hills,Allocasuarina torulosa,NA,NA,NA,NA,0.71751,NA,NA,NA,NA,NA,NA,NA,NA,NA,NA,NA,NA,NA,NA,NA,NA,NA,NA,NA,NA,NA,unpublished
145.520,-18.250,2009 Nov,Princess Hills,Allocasuarina torulosa,NA,NA,NA,NA,0.70774,NA,NA,NA,NA,NA,NA,NA,NA,NA,NA,NA,NA,NA,NA,NA,NA,NA,NA,NA,NA,NA,unpublished
145.520,-18.250,2009 Nov,Princess Hills,Allocasuarina torulosa,NA,NA,NA,NA,0.70956,NA,NA,NA,NA,NA,NA,NA,NA,NA,NA,NA,NA,NA,NA,NA,NA,NA,NA,NA,NA,NA,unpublished
145.520,-18.250,2009 Nov,Princess Hills,Corymbia citriodora,NA,NA,NA,NA,0.51527,NA,NA,NA,NA,NA,NA,NA,NA,NA,NA,NA,NA,NA,NA,NA,NA,NA,NA,NA,NA,NA,unpublished
145.520,-18.250,2009 Nov,Princess Hills,Corymbia citriodora,NA,NA,NA,NA,0.68123,NA,NA,NA,NA,NA,NA,NA,NA,NA,NA,NA,NA,NA,NA,NA,NA,NA,NA,NA,NA,NA,unpublished
145.520,-18.250,2009 Nov,Princess Hills,Corymbia citriodora,NA,NA,NA,NA,0.63112,NA,NA,NA,NA,NA,NA,NA,NA,NA,NA,NA,NA,NA,NA,NA,NA,NA,NA,NA,NA,NA,unpublished
145.520,-18.250,2009 Nov,Princess Hills,Corymbia intermedia,NA,NA,NA,NA,0.74786,720270.13,797.5424984,65.1554394,151.9689765,0.121201717,0.031641311,0.078274399,0.105520243,0.183794641,0.649180729,0.531994205,0.117186525,93.706383,22.928791,116.63518,11.74481557,0.819485516,0.180514484,0.014181601,NA,NA,"Ziemi?ska K, Butler DW, Gleason SM, Wright IJ, Westoby M. 2013. Fibre wall and lumen fractions drive wood density variation across 24 Australian angiosperms. AoB PLANTS 5."
145.520,-18.250,2009 Nov,Princess Hills,Corymbia intermedia,NA,NA,NA,NA,0.57067,1141309.4,1336.650151,87.46565794,149.522272,0.199858966,0.050974843,0.079223231,0.142132388,0.221355619,0.492920831,0.426227434,0.066693397,94.772186,15.914461,110.68665,15.47130006,0.864697549,0.135302451,0.034889741,NA,NA,"Ziemi?ska K, Butler DW, Gleason SM, Wright IJ, Westoby M. 2013. Fibre wall and lumen fractions drive wood density variation across 24 Australian angiosperms. AoB PLANTS 5."
145.520,-18.250,2009 Nov,Princess Hills,Corymbia intermedia,NA,NA,NA,NA,0.64103,560148.69,1101.159301,79.62764199,159.0163841,0.175102377,0.034555095,0.106243372,0.126757508,0.23300088,0.544146369,0.432936102,0.111210267,86.28167,22.965761,109.24743,7.236843761,0.795624352,0.204375648,0.01319528,NA,NA,"Ziemi?ska K, Butler DW, Gleason SM, Wright IJ, Westoby M. 2013. Fibre wall and lumen fractions drive wood density variation across 24 Australian angiosperms. AoB PLANTS 5."
145.520,-18.250,2009 Nov,Princess Hills,Corymbia trachyphloia,NA,NA,NA,NA,0.60272,NA,NA,NA,NA,NA,NA,NA,NA,NA,NA,NA,NA,NA,NA,NA,NA,NA,NA,NA,NA,NA,unpublished
145.520,-18.250,2009 Nov,Princess Hills,Corymbia trachyphloia,NA,NA,NA,NA,0.63380,NA,NA,NA,NA,NA,NA,NA,NA,NA,NA,NA,NA,NA,NA,NA,NA,NA,NA,NA,NA,NA,unpublished
145.520,-18.250,2009 Nov,Princess Hills,Corymbia trachyphloia,NA,NA,NA,NA,0.65042,NA,NA,NA,NA,NA,NA,NA,NA,NA,NA,NA,NA,NA,NA,NA,NA,NA,NA,NA,NA,NA,unpublished
145.520,-18.250,2009 Nov,Princess Hills,Eucalyptus portuensis,NA,NA,NA,NA,0.60454,NA,NA,NA,NA,NA,NA,NA,NA,NA,NA,NA,NA,NA,NA,NA,NA,NA,NA,NA,NA,NA,unpublished
145.520,-18.250,2009 Nov,Princess Hills,Eucalyptus portuensis,NA,NA,NA,NA,0.60202,NA,NA,NA,NA,NA,NA,NA,NA,NA,NA,NA,NA,NA,NA,NA,NA,NA,NA,NA,NA,NA,unpublished
145.520,-18.250,2009 Nov,Princess Hills,Eucalyptus portuensis,NA,NA,NA,NA,0.54614,NA,NA,NA,NA,NA,NA,NA,NA,NA,NA,NA,NA,NA,NA,NA,NA,NA,NA,NA,NA,NA,unpublished
145.520,-18.250,2009 Nov,Princess Hills,Gastrolobium grandiflorum,NA,NA,NA,NA,0.67623,1956019.8,811.4646546,61.80692909,235.7131419,0.19127289,0.08557941,0.068082714,0.216101616,0.284184329,0.43896337,0.417477413,0.021485957,129.72467,7.2385468,136.96321,53.9583614,0.95105296,0.04894704,0,NA,NA,"Ziemi?ska K, Butler DW, Gleason SM, Wright IJ, Westoby M. 2013. Fibre wall and lumen fractions drive wood density variation across 24 Australian angiosperms. AoB PLANTS 5."
145.520,-18.250,2009 Nov,Princess Hills,Gastrolobium grandiflorum,NA,NA,NA,NA,0.71966,3057010.5,836.1293186,63.3331181,233.8422291,0.195522335,0.072657764,0.097122283,0.159136465,0.256258748,0.475561153,0.435756433,0.03980472,122.2207,12.613464,134.83417,55.65143411,0.916299472,0.083700528,0,NA,NA,"Ziemi?ska K, Butler DW, Gleason SM, Wright IJ, Westoby M. 2013. Fibre wall and lumen fractions drive wood density variation across 24 Australian angiosperms. AoB PLANTS 5."
145.520,-18.250,2009 Nov,Princess Hills,Gastrolobium grandiflorum,NA,NA,NA,NA,0.70507,3139334,758.2183555,60.33195272,231.4709707,0.175505537,0.084031808,0.050871779,0.198053721,0.2489255,0.491537155,0.468325845,0.02321131,161.82562,9.0622177,170.88783,73.20908535,0.952778117,0.047221883,0,NA,NA,"Ziemi?ska K, Butler DW, Gleason SM, Wright IJ, Westoby M. 2013. Fibre wall and lumen fractions drive wood density variation across 24 Australian angiosperms. AoB PLANTS 5."
145.520,-18.250,2009 Nov,Princess Hills,Grevillea glauca,NA,NA,NA,NA,0.65688,NA,NA,NA,NA,NA,NA,NA,NA,NA,NA,NA,NA,NA,NA,NA,NA,NA,NA,NA,NA,NA,unpublished
145.520,-18.250,2009 Nov,Princess Hills,Grevillea glauca,NA,NA,NA,NA,0.61721,NA,NA,NA,NA,NA,NA,NA,NA,NA,NA,NA,NA,NA,NA,NA,NA,NA,NA,NA,NA,NA,unpublished
145.520,-18.250,2009 Nov,Princess Hills,Grevillea glauca,NA,NA,NA,NA,0.66009,NA,NA,NA,NA,NA,NA,NA,NA,NA,NA,NA,NA,NA,NA,NA,NA,NA,NA,NA,NA,NA,unpublished
145.520,-18.250,2009 Nov,Princess Hills,Grevillea parallela,NA,NA,NA,NA,0.59548,323842.97,1587.939133,91.48373636,73.40859874,0.116568378,0.029748289,0.178506762,0.21932742,0.397834182,0.455849151,0.398062975,0.057786176,110.05719,17.095879,127.15307,13.91131186,0.873233994,0.126766006,0,NA,NA,"Ziemi?ska K, Butler DW, Gleason SM, Wright IJ, Westoby M. 2013. Fibre wall and lumen fractions drive wood density variation across 24 Australian angiosperms. AoB PLANTS 5."
145.520,-18.250,2009 Nov,Princess Hills,Grevillea parallela,NA,NA,NA,NA,0.63572,329726.25,1580.140463,89.90184654,68.47535729,0.108200685,0.028362647,0.137282775,0.262366161,0.399648936,0.463787732,0.424060855,0.039726876,110.45031,11.248314,121.69862,29.30499185,0.914342546,0.085657454,0,NA,NA,"Ziemi?ska K, Butler DW, Gleason SM, Wright IJ, Westoby M. 2013. Fibre wall and lumen fractions drive wood density variation across 24 Australian angiosperms. AoB PLANTS 5."
145.520,-18.250,2009 Nov,Princess Hills,Grevillea parallela,NA,NA,NA,NA,0.67013,195478.956,1416.605062,85.88958316,75.91522747,0.107541896,0.028996035,0.134532268,0.209774337,0.344306605,0.519155465,0.480460643,0.038694822,115.817688,10.27085914,126.0885474,123.4849165,0.92546583,0.07453417,0,NA,NA,"Ziemi?ska K, Butler DW, Gleason SM, Wright IJ, Westoby M. 2013. Fibre wall and lumen fractions drive wood density variation across 24 Australian angiosperms. AoB PLANTS 5."
145.520,-18.250,2009 Nov,Princess Hills,Lophostemon suaveolens,NA,NA,NA,NA,0.49609,1082341,352.5693849,46.77487921,487.0150272,0.171706589,0.052075877,0.110298348,0.222429242,0.332727591,0.375655985,0.270005368,0.105650618,79.548462,32.033569,111.58203,2.836083816,0.718756997,0.281243003,0.067833958,NA,NA,"Ziemi?ska K, Butler DW, Gleason SM, Wright IJ, Westoby M. 2013. Fibre wall and lumen fractions drive wood density variation across 24 Australian angiosperms. AoB PLANTS 5."
145.520,-18.250,2009 Nov,Princess Hills,Lophostemon suaveolens,NA,NA,NA,NA,0.61768,1574160,380.5716214,47.63448802,355.3379432,0.135231541,0.04372098,0.063648307,0.191915804,0.255564111,0.539920889,0.446649439,0.09327145,68.725784,15.526957,84.252739,178.2705107,0.827249785,0.172750215,0.025562478,NA,NA,"Ziemi?ska K, Butler DW, Gleason SM, Wright IJ, Westoby M. 2013. Fibre wall and lumen fractions drive wood density variation across 24 Australian angiosperms. AoB PLANTS 5."
145.520,-18.250,2009 Nov,Princess Hills,Lophostemon suaveolens,NA,NA,NA,NA,0.55371,698932.13,605.4084731,55.94754588,292.1308309,0.176858474,0.049365369,0.06686747,0.154719841,0.221587312,0.519765125,0.386041476,0.133723649,67.457085,24.920082,92.377167,3.361868667,0.742722929,0.257277071,0.03242372,NA,NA,"Ziemi?ska K, Butler DW, Gleason SM, Wright IJ, Westoby M. 2013. Fibre wall and lumen fractions drive wood density variation across 24 Australian angiosperms. AoB PLANTS 5."
145.520,-18.250,2009 Nov,Princess Hills,Persoonia falcata,NA,NA,NA,NA,0.65708,5290938,1441.633663,85.31048396,113.05477,0.16298356,0.05335287,0.046519372,0.062192237,0.108711609,0.620905577,0.556172925,0.064732652,275.8757,32.688152,308.56384,26.3028728,0.895744773,0.104255227,0.054046383,NA,NA,"Ziemi?ska K, Butler DW, Gleason SM, Wright IJ, Westoby M. 2013. Fibre wall and lumen fractions drive wood density variation across 24 Australian angiosperms. AoB PLANTS 5."
145.520,-18.250,2009 Nov,Princess Hills,Persoonia falcata,NA,NA,NA,NA,0.68950,2038507.3,997.4184088,70.09036867,97.37685016,0.097102986,0.037077069,0.08159109,0.043533952,0.125125042,0.721301993,0.628916018,0.092385975,253.58237,38.011978,291.59436,14.94449986,0.87191776,0.12808224,0.019392909,NA,NA,"Ziemi?ska K, Butler DW, Gleason SM, Wright IJ, Westoby M. 2013. Fibre wall and lumen fractions drive wood density variation across 24 Australian angiosperms. AoB PLANTS 5."
145.520,-18.250,2009 Nov,Princess Hills,Persoonia falcata,NA,NA,NA,NA,0.56006,1946603,1194.065803,76.99273089,137.0603288,0.163659049,0.05779127,0.080893912,0.101321237,0.182215149,0.48389648,0.396264343,0.087632137,239.89186,55.330158,295.22202,5.418233519,0.818903133,0.181096867,0.112438052,NA,NA,"Ziemi?ska K, Butler DW, Gleason SM, Wright IJ, Westoby M. 2013. Fibre wall and lumen fractions drive wood density variation across 24 Australian angiosperms. AoB PLANTS 5."
145.520,-18.250,2009 Nov,Princess Hills,Petalostigma pubescens,NA,NA,NA,NA,0.74662,NA,NA,NA,NA,NA,NA,NA,NA,NA,NA,NA,NA,NA,NA,NA,NA,NA,NA,NA,NA,NA,unpublished
145.520,-18.250,2009 Nov,Princess Hills,Petalostigma pubescens,NA,NA,NA,NA,0.71048,NA,NA,NA,NA,NA,NA,NA,NA,NA,NA,NA,NA,NA,NA,NA,NA,NA,NA,NA,NA,NA,unpublished
145.520,-18.250,2009 Nov,Princess Hills,Petalostigma pubescens,NA,NA,NA,NA,0.72965,NA,NA,NA,NA,NA,NA,NA,NA,NA,NA,NA,NA,NA,NA,NA,NA,NA,NA,NA,NA,NA,unpublished
145.520,-18.250,2009 Nov,Princess Hills,Planchonia careya,NA,NA,NA,NA,0.58106,NA,NA,NA,NA,NA,NA,NA,NA,NA,NA,NA,NA,NA,NA,NA,NA,NA,NA,NA,NA,NA,unpublished
145.520,-18.250,2009 Nov,Princess Hills,Planchonia careya,NA,NA,NA,NA,0.48867,NA,NA,NA,NA,NA,NA,NA,NA,NA,NA,NA,NA,NA,NA,NA,NA,NA,NA,NA,NA,NA,unpublished
145.520,-18.250,2009 Nov,Princess Hills,Planchonia careya,NA,NA,NA,NA,0.55905,NA,NA,NA,NA,NA,NA,NA,NA,NA,NA,NA,NA,NA,NA,NA,NA,NA,NA,NA,NA,NA,unpublished
145.520,-18.250,2009 Nov,Princess Hills,Xylomelum scottianum,NA,NA,NA,NA,0.66045,NA,NA,NA,NA,NA,NA,NA,NA,NA,NA,NA,NA,NA,NA,NA,NA,NA,NA,NA,NA,NA,unpublished
145.520,-18.250,2009 Nov,Princess Hills,Xylomelum scottianum,NA,NA,NA,NA,0.59342,NA,NA,NA,NA,NA,NA,NA,NA,NA,NA,NA,NA,NA,NA,NA,NA,NA,NA,NA,NA,NA,unpublished
145.520,-18.250,2009 Nov,Princess Hills,Xylomelum scottianum,NA,NA,NA,NA,0.69629,NA,NA,NA,NA,NA,NA,NA,NA,NA,NA,NA,NA,NA,NA,NA,NA,NA,NA,NA,NA,NA,unpublished
146.100,-33.030,2009 Apr,Round Hill,Acacia colletioides,NA,NA,NA,NA,0.94500,NA,NA,NA,NA,NA,NA,NA,NA,NA,NA,NA,NA,NA,NA,NA,NA,NA,NA,NA,NA,NA,unpublished
146.100,-33.030,2009 Apr,Round Hill,Acacia colletioides,NA,NA,NA,NA,0.80930,NA,NA,NA,NA,NA,NA,NA,NA,NA,NA,NA,NA,NA,NA,NA,NA,NA,NA,NA,NA,NA,unpublished
146.100,-33.030,2009 Apr,Round Hill,Acacia colletioides,NA,NA,NA,NA,0.80863,NA,NA,NA,NA,NA,NA,NA,NA,NA,NA,NA,NA,NA,NA,NA,NA,NA,NA,NA,NA,NA,unpublished
146.100,-33.030,2009 Apr,Round Hill,Acacia havilandiorum,NA,NA,NA,NA,0.89000,NA,NA,NA,NA,NA,NA,NA,NA,NA,NA,NA,NA,NA,NA,NA,NA,NA,NA,NA,NA,NA,unpublished
146.100,-33.030,2009 Apr,Round Hill,Acacia havilandiorum,NA,NA,NA,NA,0.86357,NA,NA,NA,NA,NA,NA,NA,NA,NA,NA,NA,NA,NA,NA,NA,NA,NA,NA,NA,NA,NA,unpublished
146.100,-33.030,2009 Apr,Round Hill,Acacia havilandiorum,NA,NA,NA,NA,0.96625,NA,NA,NA,NA,NA,NA,NA,NA,NA,NA,NA,NA,NA,NA,NA,NA,NA,NA,NA,NA,NA,unpublished
146.100,-33.030,2009 Apr,Round Hill,Beyeria opaca,NA,NA,NA,NA,0.72333,NA,NA,NA,NA,NA,NA,NA,NA,NA,NA,NA,NA,NA,NA,NA,NA,NA,NA,NA,NA,NA,unpublished
146.100,-33.030,2009 Apr,Round Hill,Beyeria opaca,NA,NA,NA,NA,0.72042,NA,NA,NA,NA,NA,NA,NA,NA,NA,NA,NA,NA,NA,NA,NA,NA,NA,NA,NA,NA,NA,unpublished
146.100,-33.030,2009 Apr,Round Hill,Beyeria opaca,NA,NA,NA,NA,0.77328,NA,NA,NA,NA,NA,NA,NA,NA,NA,NA,NA,NA,NA,NA,NA,NA,NA,NA,NA,NA,NA,unpublished
146.100,-33.030,2009 Apr,Round Hill,Bossiaea walkeri,NA,NA,NA,NA,0.99860,NA,NA,NA,NA,NA,NA,NA,NA,NA,NA,NA,NA,NA,NA,NA,NA,NA,NA,NA,NA,NA,unpublished
146.100,-33.030,2009 Apr,Round Hill,Bossiaea walkeri,NA,NA,NA,NA,0.91757,NA,NA,NA,NA,NA,NA,NA,NA,NA,NA,NA,NA,NA,NA,NA,NA,NA,NA,NA,NA,NA,unpublished
146.100,-33.030,2009 Apr,Round Hill,Bossiaea walkeri,NA,NA,NA,NA,0.91559,NA,NA,NA,NA,NA,NA,NA,NA,NA,NA,NA,NA,NA,NA,NA,NA,NA,NA,NA,NA,NA,unpublished
146.100,-33.030,2009 Apr,Round Hill,Brachychiton populneus,NA,NA,NA,NA,0.49000,NA,NA,NA,NA,NA,NA,NA,NA,NA,NA,NA,NA,NA,NA,NA,NA,NA,NA,NA,NA,NA,unpublished
146.100,-33.030,2009 Apr,Round Hill,Brachychiton populneus,NA,NA,NA,NA,0.46955,NA,NA,NA,NA,NA,NA,NA,NA,NA,NA,NA,NA,NA,NA,NA,NA,NA,NA,NA,NA,NA,unpublished
146.100,-33.030,2009 Apr,Round Hill,Brachychiton populneus,NA,NA,NA,NA,0.45027,NA,NA,NA,NA,NA,NA,NA,NA,NA,NA,NA,NA,NA,NA,NA,NA,NA,NA,NA,NA,NA,unpublished
146.100,-33.030,2009 Apr,Round Hill,Dodonaea viscosa,NA,NA,NA,NA,0.82550,NA,NA,NA,NA,NA,NA,NA,NA,NA,NA,NA,NA,NA,NA,NA,NA,NA,NA,NA,NA,NA,unpublished
146.100,-33.030,2009 Apr,Round Hill,Dodonaea viscosa,NA,NA,NA,NA,0.83108,NA,NA,NA,NA,NA,NA,NA,NA,NA,NA,NA,NA,NA,NA,NA,NA,NA,NA,NA,NA,NA,unpublished
146.100,-33.030,2009 Apr,Round Hill,Dodonaea viscosa,NA,NA,NA,NA,0.85875,NA,NA,NA,NA,NA,NA,NA,NA,NA,NA,NA,NA,NA,NA,NA,NA,NA,NA,NA,NA,NA,unpublished
146.100,-33.030,2009 Apr,Round Hill,Eremophila deserti,NA,NA,NA,NA,0.77867,NA,NA,NA,NA,NA,NA,NA,NA,NA,NA,NA,NA,NA,NA,NA,NA,NA,NA,NA,NA,NA,unpublished
146.100,-33.030,2009 Apr,Round Hill,Eremophila deserti,NA,NA,NA,NA,0.85262,NA,NA,NA,NA,NA,NA,NA,NA,NA,NA,NA,NA,NA,NA,NA,NA,NA,NA,NA,NA,NA,unpublished
146.100,-33.030,2009 Apr,Round Hill,Eremophila deserti,NA,NA,NA,NA,0.82350,NA,NA,NA,NA,NA,NA,NA,NA,NA,NA,NA,NA,NA,NA,NA,NA,NA,NA,NA,NA,NA,unpublished
146.100,-33.030,2009 Apr,Round Hill,Eremophila glabra,NA,NA,NA,NA,0.63943,NA,NA,NA,NA,NA,NA,NA,NA,NA,NA,NA,NA,NA,NA,NA,NA,NA,NA,NA,NA,NA,unpublished
146.100,-33.030,2009 Apr,Round Hill,Eremophila glabra,NA,NA,NA,NA,0.74500,NA,NA,NA,NA,NA,NA,NA,NA,NA,NA,NA,NA,NA,NA,NA,NA,NA,NA,NA,NA,NA,unpublished
146.100,-33.030,2009 Apr,Round Hill,Eremophila glabra,NA,NA,NA,NA,0.73525,NA,NA,NA,NA,NA,NA,NA,NA,NA,NA,NA,NA,NA,NA,NA,NA,NA,NA,NA,NA,NA,unpublished
146.100,-33.030,2009 Apr,Round Hill,Eucalyptus dumosa,NA,NA,NA,NA,0.71053,NA,NA,NA,NA,NA,NA,NA,NA,NA,NA,NA,NA,NA,NA,NA,NA,NA,NA,NA,NA,NA,unpublished
146.100,-33.030,2009 Apr,Round Hill,Eucalyptus dumosa,NA,NA,NA,NA,0.74382,NA,NA,NA,NA,NA,NA,NA,NA,NA,NA,NA,NA,NA,NA,NA,NA,NA,NA,NA,NA,NA,unpublished
146.100,-33.030,2009 Apr,Round Hill,Eucalyptus dumosa,NA,NA,NA,NA,0.81569,NA,NA,NA,NA,NA,NA,NA,NA,NA,NA,NA,NA,NA,NA,NA,NA,NA,NA,NA,NA,NA,unpublished
146.100,-33.030,2009 Apr,Round Hill,Eucalyptus socialis,NA,NA,NA,NA,0.81925,NA,NA,NA,NA,NA,NA,NA,NA,NA,NA,NA,NA,NA,NA,NA,NA,NA,NA,NA,NA,NA,unpublished
146.100,-33.030,2009 Apr,Round Hill,Eucalyptus socialis,NA,NA,NA,NA,0.77695,NA,NA,NA,NA,NA,NA,NA,NA,NA,NA,NA,NA,NA,NA,NA,NA,NA,NA,NA,NA,NA,unpublished
146.100,-33.030,2009 Apr,Round Hill,Eucalyptus socialis,NA,NA,NA,NA,0.76107,NA,NA,NA,NA,NA,NA,NA,NA,NA,NA,NA,NA,NA,NA,NA,NA,NA,NA,NA,NA,NA,unpublished
146.100,-33.030,2009 Apr,Round Hill,Geijera parviflora,NA,NA,NA,NA,0.95255,NA,NA,NA,NA,NA,NA,NA,NA,NA,NA,NA,NA,NA,NA,NA,NA,NA,NA,NA,NA,NA,unpublished
146.100,-33.030,2009 Apr,Round Hill,Geijera parviflora,NA,NA,NA,NA,0.83711,NA,NA,NA,NA,NA,NA,NA,NA,NA,NA,NA,NA,NA,NA,NA,NA,NA,NA,NA,NA,NA,unpublished
146.100,-33.030,2009 Apr,Round Hill,Geijera parviflora,NA,NA,NA,NA,0.82053,NA,NA,NA,NA,NA,NA,NA,NA,NA,NA,NA,NA,NA,NA,NA,NA,NA,NA,NA,NA,NA,unpublished
146.100,-33.030,2009 Apr,Round Hill,Melaleuca uncinata,NA,NA,NA,NA,0.69800,NA,NA,NA,NA,NA,NA,NA,NA,NA,NA,NA,NA,NA,NA,NA,NA,NA,NA,NA,NA,NA,unpublished
146.100,-33.030,2009 Apr,Round Hill,Melaleuca uncinata,NA,NA,NA,NA,0.70224,NA,NA,NA,NA,NA,NA,NA,NA,NA,NA,NA,NA,NA,NA,NA,NA,NA,NA,NA,NA,NA,unpublished
146.100,-33.030,2009 Apr,Round Hill,Melaleuca uncinata,NA,NA,NA,NA,0.63830,NA,NA,NA,NA,NA,NA,NA,NA,NA,NA,NA,NA,NA,NA,NA,NA,NA,NA,NA,NA,NA,unpublished
146.100,-33.030,2009 Apr,Round Hill,Pimelea microcephala,NA,NA,NA,NA,0.63400,NA,NA,NA,NA,NA,NA,NA,NA,NA,NA,NA,NA,NA,NA,NA,NA,NA,NA,NA,NA,NA,unpublished
146.100,-33.030,2009 Apr,Round Hill,Pimelea microcephala,NA,NA,NA,NA,0.75167,NA,NA,NA,NA,NA,NA,NA,NA,NA,NA,NA,NA,NA,NA,NA,NA,NA,NA,NA,NA,NA,unpublished
146.100,-33.030,2009 Apr,Round Hill,Pimelea microcephala,NA,NA,NA,NA,0.70835,NA,NA,NA,NA,NA,NA,NA,NA,NA,NA,NA,NA,NA,NA,NA,NA,NA,NA,NA,NA,NA,unpublished
146.100,-33.030,2009 Apr,Round Hill,Santalum acuminatum,NA,NA,NA,NA,0.72138,NA,NA,NA,NA,NA,NA,NA,NA,NA,NA,NA,NA,NA,NA,NA,NA,NA,NA,NA,NA,NA,unpublished
146.100,-33.030,2009 Apr,Round Hill,Santalum acuminatum,NA,NA,NA,NA,0.68938,NA,NA,NA,NA,NA,NA,NA,NA,NA,NA,NA,NA,NA,NA,NA,NA,NA,NA,NA,NA,NA,unpublished
146.100,-33.030,2009 Apr,Round Hill,Santalum acuminatum,NA,NA,NA,NA,0.74633,NA,NA,NA,NA,NA,NA,NA,NA,NA,NA,NA,NA,NA,NA,NA,NA,NA,NA,NA,NA,NA,unpublished
146.100,-33.030,2009 Apr,Round Hill,Senna artemisioides,NA,NA,NA,NA,0.80100,NA,NA,NA,NA,NA,NA,NA,NA,NA,NA,NA,NA,NA,NA,NA,NA,NA,NA,NA,NA,NA,unpublished
146.100,-33.030,2009 Apr,Round Hill,Senna artemisioides,NA,NA,NA,NA,0.80900,NA,NA,NA,NA,NA,NA,NA,NA,NA,NA,NA,NA,NA,NA,NA,NA,NA,NA,NA,NA,NA,unpublished
146.100,-33.030,2009 Apr,Round Hill,Senna artemisioides,NA,NA,NA,NA,0.81600,NA,NA,NA,NA,NA,NA,NA,NA,NA,NA,NA,NA,NA,NA,NA,NA,NA,NA,NA,NA,NA,unpublished
